time,scope,value
1758239921.8154087,nrm.extra.perf.PAPI_L3_TCA.7965,2356793455.0
1758239921.8154087,nrm.extra.perf.PAPI_TOT_INS.7965,46788677308.0
1758239921.8154087,nrm.extra.perf.PAPI_TOT_CYC.7965,290830301684.0
1758239921.8154087,nrm.extra.perf.PAPI_RES_STL.7965,259350017783.0
1758239921.8154087,nrm.extra.perf.PAPI_L3_TCM.7965,2192433342.0
1758239922.8117898,nrm.extra.perf.PAPI_L3_TCA.7965,4695125547.0
1758239922.8117898,nrm.extra.perf.PAPI_TOT_INS.7965,92985548673.0
1758239922.8117898,nrm.extra.perf.PAPI_TOT_CYC.7965,557119038358.0
1758239922.8117898,nrm.extra.perf.PAPI_RES_STL.7965,494782767847.0
1758239922.8117898,nrm.extra.perf.PAPI_L3_TCM.7965,4359957191.0
1758239923.8154855,nrm.extra.perf.PAPI_L3_TCA.7965,6983129617.0
1758239923.8154855,nrm.extra.perf.PAPI_TOT_INS.7965,138841735530.0
1758239923.8154855,nrm.extra.perf.PAPI_TOT_CYC.7965,825382393838.0
1758239923.8154855,nrm.extra.perf.PAPI_RES_STL.7965,728570296038.0
1758239923.8154855,nrm.extra.perf.PAPI_L3_TCM.7965,6496293417.0
1758239924.815401,nrm.extra.perf.PAPI_L3_TCA.7965,9282770377.0
1758239924.815401,nrm.extra.perf.PAPI_TOT_INS.7965,184792932260.0
1758239924.815401,nrm.extra.perf.PAPI_TOT_CYC.7965,1092750663722.0
1758239924.815401,nrm.extra.perf.PAPI_RES_STL.7965,962250626533.0
1758239924.815401,nrm.extra.perf.PAPI_L3_TCM.7965,8636184436.0
1758239925.813227,nrm.extra.perf.PAPI_L3_TCA.7965,11615895015.0
1758239925.813227,nrm.extra.perf.PAPI_TOT_INS.7965,231101466331.0
1758239925.813227,nrm.extra.perf.PAPI_TOT_CYC.7965,1362987454926.0
1758239925.813227,nrm.extra.perf.PAPI_RES_STL.7965,1199832931518.0
1758239925.813227,nrm.extra.perf.PAPI_L3_TCM.7965,10800504740.0
1758239926.816225,nrm.extra.perf.PAPI_L3_TCA.7965,13965054041.0
1758239926.816225,nrm.extra.perf.PAPI_TOT_INS.7965,277558964730.0
1758239926.816225,nrm.extra.perf.PAPI_TOT_CYC.7965,1635993397568.0
1758239926.816225,nrm.extra.perf.PAPI_RES_STL.7965,1442019372692.0
1758239926.816225,nrm.extra.perf.PAPI_L3_TCM.7965,12991298261.0
1758239927.8152745,nrm.extra.perf.PAPI_L3_TCA.7965,16290452390.0
1758239927.8152745,nrm.extra.perf.PAPI_TOT_INS.7965,323829529830.0
1758239927.8152745,nrm.extra.perf.PAPI_TOT_CYC.7965,1908643087406.0
1758239927.8152745,nrm.extra.perf.PAPI_RES_STL.7965,1681622649713.0
1758239927.8152745,nrm.extra.perf.PAPI_L3_TCM.7965,15150759567.0
1758239928.814463,nrm.extra.perf.PAPI_L3_TCA.7965,18627424762.0
1758239928.814463,nrm.extra.perf.PAPI_TOT_INS.7965,370079740657.0
1758239928.814463,nrm.extra.perf.PAPI_TOT_CYC.7965,2180853827450.0
1758239928.814463,nrm.extra.perf.PAPI_RES_STL.7965,1922503293302.0
1758239928.814463,nrm.extra.perf.PAPI_L3_TCM.7965,17321750142.0
1758239929.8148623,nrm.extra.perf.PAPI_L3_TCA.7965,20936706216.0
1758239929.8148623,nrm.extra.perf.PAPI_TOT_INS.7965,416159010960.0
1758239929.8148623,nrm.extra.perf.PAPI_TOT_CYC.7965,2450843780051.0
1758239929.8148623,nrm.extra.perf.PAPI_RES_STL.7965,2159339542931.0
1758239929.8148623,nrm.extra.perf.PAPI_L3_TCM.7965,19473902853.0
1758239930.8133323,nrm.extra.perf.PAPI_L3_TCA.7965,23269382234.0
1758239930.8133323,nrm.extra.perf.PAPI_TOT_INS.7965,462265116243.0
1758239930.8133323,nrm.extra.perf.PAPI_TOT_CYC.7965,2720563120328.0
1758239930.8133323,nrm.extra.perf.PAPI_RES_STL.7965,2397701318400.0
1758239930.8133323,nrm.extra.perf.PAPI_L3_TCM.7965,21637260782.0
1758239931.813823,nrm.extra.perf.PAPI_L3_TCA.7965,25591419234.0
1758239931.813823,nrm.extra.perf.PAPI_TOT_INS.7965,508410206176.0
1758239931.813823,nrm.extra.perf.PAPI_TOT_CYC.7965,2990961689658.0
1758239931.813823,nrm.extra.perf.PAPI_RES_STL.7965,2635677367614.0
1758239931.813823,nrm.extra.perf.PAPI_L3_TCM.7965,23796692967.0
1758239932.814878,nrm.extra.perf.PAPI_L3_TCA.7965,27941739232.0
1758239932.814878,nrm.extra.perf.PAPI_TOT_INS.7965,554909824832.0
1758239932.814878,nrm.extra.perf.PAPI_TOT_CYC.7965,3263774283434.0
1758239932.814878,nrm.extra.perf.PAPI_RES_STL.7965,2877552082053.0
1758239932.814878,nrm.extra.perf.PAPI_L3_TCM.7965,25987328137.0
1758239933.812719,nrm.extra.perf.PAPI_L3_TCA.7965,30253175922.0
1758239933.812719,nrm.extra.perf.PAPI_TOT_INS.7965,601004174941.0
1758239933.812719,nrm.extra.perf.PAPI_TOT_CYC.7965,3534055205972.0
1758239933.812719,nrm.extra.perf.PAPI_RES_STL.7965,3113758345424.0
1758239933.812719,nrm.extra.perf.PAPI_L3_TCM.7965,28131229701.0
1758239934.811954,nrm.extra.perf.PAPI_L3_TCA.7965,32512172604.0
1758239934.811954,nrm.extra.perf.PAPI_TOT_INS.7965,646596687723.0
1758239934.811954,nrm.extra.perf.PAPI_TOT_CYC.7965,3802011241856.0
1758239934.811954,nrm.extra.perf.PAPI_RES_STL.7965,3344997695194.0
1758239934.811954,nrm.extra.perf.PAPI_L3_TCM.7965,30231970850.0
1758239935.8150694,nrm.extra.perf.PAPI_L3_TCA.7965,34860758355.0
1758239935.8150694,nrm.extra.perf.PAPI_TOT_INS.7965,693199147017.0
1758239935.8150694,nrm.extra.perf.PAPI_TOT_CYC.7965,4075181668582.0
1758239935.8150694,nrm.extra.perf.PAPI_RES_STL.7965,3586575288095.0
1758239935.8150694,nrm.extra.perf.PAPI_L3_TCM.7965,32422787909.0
1758239936.815884,nrm.extra.perf.PAPI_L3_TCA.7965,37214212242.0
1758239936.815884,nrm.extra.perf.PAPI_TOT_INS.7965,739744113428.0
1758239936.815884,nrm.extra.perf.PAPI_TOT_CYC.7965,4347669593756.0
1758239936.815884,nrm.extra.perf.PAPI_RES_STL.7965,3827955311231.0
1758239936.815884,nrm.extra.perf.PAPI_L3_TCM.7965,34613581727.0
1758239937.8134596,nrm.extra.perf.PAPI_L3_TCA.7965,39565029106.0
1758239937.8134596,nrm.extra.perf.PAPI_TOT_INS.7965,786257725441.0
1758239937.8134596,nrm.extra.perf.PAPI_TOT_CYC.7965,4620012877693.0
1758239937.8134596,nrm.extra.perf.PAPI_RES_STL.7965,4068608783546.0
1758239937.8134596,nrm.extra.perf.PAPI_L3_TCM.7965,36792616294.0
1758239938.8139057,nrm.extra.perf.PAPI_L3_TCA.7965,41909417375.0
1758239938.8139057,nrm.extra.perf.PAPI_TOT_INS.7965,832694990738.0
1758239938.8139057,nrm.extra.perf.PAPI_TOT_CYC.7965,4893129145970.0
1758239938.8139057,nrm.extra.perf.PAPI_RES_STL.7965,4309878758045.0
1758239938.8139057,nrm.extra.perf.PAPI_L3_TCM.7965,38975128269.0
1758239939.8150506,nrm.extra.perf.PAPI_L3_TCA.7965,44254426100.0
1758239939.8150506,nrm.extra.perf.PAPI_TOT_INS.7965,879196057372.0
1758239939.8150506,nrm.extra.perf.PAPI_TOT_CYC.7965,5166207884201.0
1758239939.8150506,nrm.extra.perf.PAPI_RES_STL.7965,4551059388125.0
1758239939.8150506,nrm.extra.perf.PAPI_L3_TCM.7965,41157936626.0
1758239940.8152995,nrm.extra.perf.PAPI_L3_TCA.7965,46609712401.0
1758239940.8152995,nrm.extra.perf.PAPI_TOT_INS.7965,925725778190.0
1758239940.8152995,nrm.extra.perf.PAPI_TOT_CYC.7965,5439070342221.0
1758239940.8152995,nrm.extra.perf.PAPI_RES_STL.7965,4793084915103.0
1758239940.8152995,nrm.extra.perf.PAPI_L3_TCM.7965,43348486295.0
1758239941.814263,nrm.extra.perf.PAPI_L3_TCA.7965,48914416751.0
1758239941.814263,nrm.extra.perf.PAPI_TOT_INS.7965,971824729773.0
1758239941.814263,nrm.extra.perf.PAPI_TOT_CYC.7965,5709653190306.0
1758239941.814263,nrm.extra.perf.PAPI_RES_STL.7965,5029052955188.0
1758239941.814263,nrm.extra.perf.PAPI_L3_TCM.7965,45488234325.0
1758239942.8127341,nrm.extra.perf.PAPI_L3_TCA.7965,51260917315.0
1758239942.8127341,nrm.extra.perf.PAPI_TOT_INS.7965,1018273130889.0
1758239942.8127341,nrm.extra.perf.PAPI_TOT_CYC.7965,5981940557109.0
1758239942.8127341,nrm.extra.perf.PAPI_RES_STL.7965,5269755586568.0
1758239942.8127341,nrm.extra.perf.PAPI_L3_TCM.7965,47666861116.0
1758239943.8135138,nrm.extra.perf.PAPI_L3_TCA.7965,53597088069.0
1758239943.8135138,nrm.extra.perf.PAPI_TOT_INS.7965,1064727710240.0
1758239943.8135138,nrm.extra.perf.PAPI_TOT_CYC.7965,6254837946113.0
1758239943.8135138,nrm.extra.perf.PAPI_RES_STL.7965,5509792038887.0
1758239943.8135138,nrm.extra.perf.PAPI_L3_TCM.7965,49842023952.0
1758239944.815059,nrm.extra.perf.PAPI_L3_TCA.7965,55934131861.0
1758239944.815059,nrm.extra.perf.PAPI_TOT_INS.7965,1111212908294.0
1758239944.815059,nrm.extra.perf.PAPI_TOT_CYC.7965,6527764306934.0
1758239944.815059,nrm.extra.perf.PAPI_RES_STL.7965,5750307634246.0
1758239944.815059,nrm.extra.perf.PAPI_L3_TCM.7965,52020886171.0
1758239945.812774,nrm.extra.perf.PAPI_L3_TCA.7965,58243539012.0
1758239945.812774,nrm.extra.perf.PAPI_TOT_INS.7965,1157279311712.0
1758239945.812774,nrm.extra.perf.PAPI_TOT_CYC.7965,6797587906849.0
1758239945.812774,nrm.extra.perf.PAPI_RES_STL.7965,5986118242533.0
1758239945.812774,nrm.extra.perf.PAPI_L3_TCM.7965,54160442545.0
1758239946.814921,nrm.extra.perf.PAPI_L3_TCA.7965,60593168415.0
1758239946.814921,nrm.extra.perf.PAPI_TOT_INS.7965,1203809266896.0
1758239946.814921,nrm.extra.perf.PAPI_TOT_CYC.7965,7070799523334.0
1758239946.814921,nrm.extra.perf.PAPI_RES_STL.7965,6228017735193.0
1758239946.814921,nrm.extra.perf.PAPI_L3_TCM.7965,56350395029.0
1758239947.813462,nrm.extra.perf.PAPI_L3_TCA.7965,62911161901.0
1758239947.813462,nrm.extra.perf.PAPI_TOT_INS.7965,1249913431036.0
1758239947.813462,nrm.extra.perf.PAPI_TOT_CYC.7965,7340717259143.0
1758239947.813462,nrm.extra.perf.PAPI_RES_STL.7965,6465047157698.0
1758239947.813462,nrm.extra.perf.PAPI_L3_TCM.7965,58501608036.0
1758239948.813623,nrm.extra.perf.PAPI_L3_TCA.7965,65256104407.0
1758239948.813623,nrm.extra.perf.PAPI_TOT_INS.7965,1296348562612.0
1758239948.813623,nrm.extra.perf.PAPI_TOT_CYC.7965,7613703639062.0
1758239948.813623,nrm.extra.perf.PAPI_RES_STL.7965,6706339053534.0
1758239948.813623,nrm.extra.perf.PAPI_L3_TCM.7965,60684180645.0
1758239949.8138974,nrm.extra.perf.PAPI_L3_TCA.7965,67590087964.0
1758239949.8138974,nrm.extra.perf.PAPI_TOT_INS.7965,1342781704392.0
1758239949.8138974,nrm.extra.perf.PAPI_TOT_CYC.7965,7886797640661.0
1758239949.8138974,nrm.extra.perf.PAPI_RES_STL.7965,6946445812838.0
1758239949.8138974,nrm.extra.perf.PAPI_L3_TCM.7965,62855147835.0
1758239950.8156402,nrm.extra.perf.PAPI_L3_TCA.7965,69940994942.0
1758239950.8156402,nrm.extra.perf.PAPI_TOT_INS.7965,1389301513395.0
1758239950.8156402,nrm.extra.perf.PAPI_TOT_CYC.7965,8159696903348.0
1758239950.8156402,nrm.extra.perf.PAPI_RES_STL.7965,7188244332154.0
1758239950.8156402,nrm.extra.perf.PAPI_L3_TCM.7965,65045552986.0
1758239951.8121035,nrm.extra.perf.PAPI_L3_TCA.7965,72284992151.0
1758239951.8121035,nrm.extra.perf.PAPI_TOT_INS.7965,1435694119500.0
1758239951.8121035,nrm.extra.perf.PAPI_TOT_CYC.7965,8431725875346.0
1758239951.8121035,nrm.extra.perf.PAPI_RES_STL.7965,7428089617052.0
1758239951.8121035,nrm.extra.perf.PAPI_L3_TCM.7965,67216875122.0
1758239952.8145587,nrm.extra.perf.PAPI_L3_TCA.7965,74636184766.0
1758239952.8145587,nrm.extra.perf.PAPI_TOT_INS.7965,1482263537872.0
1758239952.8145587,nrm.extra.perf.PAPI_TOT_CYC.7965,8705123651503.0
1758239952.8145587,nrm.extra.perf.PAPI_RES_STL.7965,7670161935756.0
1758239952.8145587,nrm.extra.perf.PAPI_L3_TCM.7965,69407551340.0
1758239953.812337,nrm.extra.perf.PAPI_L3_TCA.7965,76975090505.0
1758239953.812337,nrm.extra.perf.PAPI_TOT_INS.7965,1528631126236.0
1758239953.812337,nrm.extra.perf.PAPI_TOT_CYC.7965,8977441660396.0
1758239953.812337,nrm.extra.perf.PAPI_RES_STL.7965,7910197529157.0
1758239953.812337,nrm.extra.perf.PAPI_L3_TCM.7965,71578732954.0
1758239954.8128793,nrm.extra.perf.PAPI_L3_TCA.7965,79288943104.0
1758239954.8128793,nrm.extra.perf.PAPI_TOT_INS.7965,1574729138062.0
1758239954.8128793,nrm.extra.perf.PAPI_TOT_CYC.7965,9248206701215.0
1758239954.8128793,nrm.extra.perf.PAPI_RES_STL.7965,8147693918948.0
1758239954.8128793,nrm.extra.perf.PAPI_L3_TCM.7965,73730234137.0
1758239955.815885,nrm.extra.perf.PAPI_L3_TCA.7965,81634546940.0
1758239955.815885,nrm.extra.perf.PAPI_TOT_INS.7965,1621262454365.0
1758239955.815885,nrm.extra.perf.PAPI_TOT_CYC.7965,9521340758786.0
1758239955.815885,nrm.extra.perf.PAPI_RES_STL.7965,8389420119690.0
1758239955.815885,nrm.extra.perf.PAPI_L3_TCM.7965,75920517690.0
1758239956.8156848,nrm.extra.perf.PAPI_L3_TCA.7965,83990990905.0
1758239956.8156848,nrm.extra.perf.PAPI_TOT_INS.7965,1667784305901.0
1758239956.8156848,nrm.extra.perf.PAPI_TOT_CYC.7965,9793896513261.0
1758239956.8156848,nrm.extra.perf.PAPI_RES_STL.7965,8631292280610.0
1758239956.8156848,nrm.extra.perf.PAPI_L3_TCM.7965,78111348374.0
1758239957.8126955,nrm.extra.perf.PAPI_L3_TCA.7965,86326079563.0
1758239957.8126955,nrm.extra.perf.PAPI_TOT_INS.7965,1714166594175.0
1758239957.8126955,nrm.extra.perf.PAPI_TOT_CYC.7965,10066247253922.0
1758239957.8126955,nrm.extra.perf.PAPI_RES_STL.7965,8870354599798.0
1758239957.8126955,nrm.extra.perf.PAPI_L3_TCM.7965,80274739183.0
1758239958.8121092,nrm.extra.perf.PAPI_L3_TCA.7965,88682468471.0
1758239958.8121092,nrm.extra.perf.PAPI_TOT_INS.7965,1760688185477.0
1758239958.8121092,nrm.extra.perf.PAPI_TOT_CYC.7965,10338769072713.0
1758239958.8121092,nrm.extra.perf.PAPI_RES_STL.7965,9112084677355.0
1758239958.8121092,nrm.extra.perf.PAPI_L3_TCM.7965,82465249146.0
1758239959.8124251,nrm.extra.perf.PAPI_L3_TCA.7965,91025596817.0
1758239959.8124251,nrm.extra.perf.PAPI_TOT_INS.7965,1807163591668.0
1758239959.8124251,nrm.extra.perf.PAPI_TOT_CYC.7965,10611533908117.0
1758239959.8124251,nrm.extra.perf.PAPI_RES_STL.7965,9352760564976.0
1758239959.8124251,nrm.extra.perf.PAPI_L3_TCM.7965,84643870056.0
1758239960.8136723,nrm.extra.perf.PAPI_L3_TCA.7965,93376753870.0
1758239960.8136723,nrm.extra.perf.PAPI_TOT_INS.7965,1853693502006.0
1758239960.8136723,nrm.extra.perf.PAPI_TOT_CYC.7965,10884576556103.0
1758239960.8136723,nrm.extra.perf.PAPI_RES_STL.7965,9594776670899.0
1758239960.8136723,nrm.extra.perf.PAPI_L3_TCM.7965,86834050563.0
1758239961.81493,nrm.extra.perf.PAPI_L3_TCA.7965,95686915249.0
1758239961.81493,nrm.extra.perf.PAPI_TOT_INS.7965,1899800144986.0
1758239961.81493,nrm.extra.perf.PAPI_TOT_CYC.7965,11155017184405.0
1758239961.81493,nrm.extra.perf.PAPI_RES_STL.7965,9831740167540.0
1758239961.81493,nrm.extra.perf.PAPI_L3_TCM.7965,88985389222.0
1758239962.8128884,nrm.extra.perf.PAPI_L3_TCA.7965,98037276769.0
1758239962.8128884,nrm.extra.perf.PAPI_TOT_INS.7965,1946277704458.0
1758239962.8128884,nrm.extra.perf.PAPI_TOT_CYC.7965,11427270764316.0
1758239962.8128884,nrm.extra.perf.PAPI_RES_STL.7965,10072377191194.0
1758239962.8128884,nrm.extra.perf.PAPI_L3_TCM.7965,91164049151.0
1758239963.8139606,nrm.extra.perf.PAPI_L3_TCA.7965,100359940427.0
1758239963.8139606,nrm.extra.perf.PAPI_TOT_INS.7965,1992412555424.0
1758239963.8139606,nrm.extra.perf.PAPI_TOT_CYC.7965,11697651838762.0
1758239963.8139606,nrm.extra.perf.PAPI_RES_STL.7965,10310549544645.0
1758239963.8139606,nrm.extra.perf.PAPI_L3_TCM.7965,93327173041.0
1758239964.8132415,nrm.extra.perf.PAPI_L3_TCA.7965,102087127815.0
1758239964.8132415,nrm.extra.perf.PAPI_TOT_INS.7965,2036558202940.0
1758239964.8132415,nrm.extra.perf.PAPI_TOT_CYC.7965,11971281269085.0
1758239964.8132415,nrm.extra.perf.PAPI_RES_STL.7965,10488477287737.0
1758239964.8132415,nrm.extra.perf.PAPI_L3_TCM.7965,94931848547.0
1758239965.813622,nrm.extra.perf.PAPI_L3_TCA.7965,104430232991.0
1758239965.813622,nrm.extra.perf.PAPI_TOT_INS.7965,2083064090717.0
1758239965.813622,nrm.extra.perf.PAPI_TOT_CYC.7965,12244184592700.0
1758239965.813622,nrm.extra.perf.PAPI_RES_STL.7965,10729323013841.0
1758239965.813622,nrm.extra.perf.PAPI_L3_TCM.7965,97110718935.0
1758239966.8142092,nrm.extra.perf.PAPI_L3_TCA.7965,106773549178.0
1758239966.8142092,nrm.extra.perf.PAPI_TOT_INS.7965,2129486056654.0
1758239966.8142092,nrm.extra.perf.PAPI_TOT_CYC.7965,12517176637638.0
1758239966.8142092,nrm.extra.perf.PAPI_RES_STL.7965,10970534727434.0
1758239966.8142092,nrm.extra.perf.PAPI_L3_TCM.7965,99293507222.0
1758239967.8135414,nrm.extra.perf.PAPI_L3_TCA.7965,109124410997.0
1758239967.8135414,nrm.extra.perf.PAPI_TOT_INS.7965,2175974334484.0
1758239967.8135414,nrm.extra.perf.PAPI_TOT_CYC.7965,12789758139528.0
1758239967.8135414,nrm.extra.perf.PAPI_RES_STL.7965,11211650245698.0
1758239967.8135414,nrm.extra.perf.PAPI_L3_TCM.7965,101476675021.0
1758239968.8146698,nrm.extra.perf.PAPI_L3_TCA.7965,111474343402.0
1758239968.8146698,nrm.extra.perf.PAPI_TOT_INS.7965,2222471786392.0
1758239968.8146698,nrm.extra.perf.PAPI_TOT_CYC.7965,13062844626767.0
1758239968.8146698,nrm.extra.perf.PAPI_RES_STL.7965,11453804884313.0
1758239968.8146698,nrm.extra.perf.PAPI_L3_TCM.7965,103667289617.0
1758239969.8156722,nrm.extra.perf.PAPI_L3_TCA.7965,113827380070.0
1758239969.8156722,nrm.extra.perf.PAPI_TOT_INS.7965,2268997790935.0
1758239969.8156722,nrm.extra.perf.PAPI_TOT_CYC.7965,13335478516772.0
1758239969.8156722,nrm.extra.perf.PAPI_RES_STL.7965,11695340664165.0
1758239969.8156722,nrm.extra.perf.PAPI_L3_TCM.7965,105858046457.0
1758239970.8127007,nrm.extra.perf.PAPI_L3_TCA.7965,116179633527.0
1758239970.8127007,nrm.extra.perf.PAPI_TOT_INS.7965,2315466497601.0
1758239970.8127007,nrm.extra.perf.PAPI_TOT_CYC.7965,13607755546915.0
1758239970.8127007,nrm.extra.perf.PAPI_RES_STL.7965,11936170423004.0
1758239970.8127007,nrm.extra.perf.PAPI_L3_TCM.7965,108037367798.0
1758239971.8145354,nrm.extra.perf.PAPI_L3_TCA.7965,118529928831.0
1758239971.8145354,nrm.extra.perf.PAPI_TOT_INS.7965,2361994316178.0
1758239971.8145354,nrm.extra.perf.PAPI_TOT_CYC.7965,13880934990697.0
1758239971.8145354,nrm.extra.perf.PAPI_RES_STL.7965,12178275476765.0
1758239971.8145354,nrm.extra.perf.PAPI_L3_TCM.7965,110228209708.0
1758239972.8131554,nrm.extra.perf.PAPI_L3_TCA.7965,120889337045.0
1758239972.8131554,nrm.extra.perf.PAPI_TOT_INS.7965,2408479766122.0
1758239972.8131554,nrm.extra.perf.PAPI_TOT_CYC.7965,14153529294845.0
1758239972.8131554,nrm.extra.perf.PAPI_RES_STL.7965,12420540458317.0
1758239972.8131554,nrm.extra.perf.PAPI_L3_TCM.7965,112418840709.0
1758239973.8126936,nrm.extra.perf.PAPI_L3_TCA.7965,123234798616.0
1758239973.8126936,nrm.extra.perf.PAPI_TOT_INS.7965,2454965684635.0
1758239973.8126936,nrm.extra.perf.PAPI_TOT_CYC.7965,14426314604040.0
1758239973.8126936,nrm.extra.perf.PAPI_RES_STL.7965,12661438217802.0
1758239973.8126936,nrm.extra.perf.PAPI_L3_TCM.7965,114597905927.0
1758239974.8119254,nrm.extra.perf.PAPI_L3_TCA.7965,125582107899.0
1758239974.8119254,nrm.extra.perf.PAPI_TOT_INS.7965,2501384076881.0
1758239974.8119254,nrm.extra.perf.PAPI_TOT_CYC.7965,14699132736629.0
1758239974.8119254,nrm.extra.perf.PAPI_RES_STL.7965,12902864900591.0
1758239974.8119254,nrm.extra.perf.PAPI_L3_TCM.7965,116780987264.0
1758239975.8122778,nrm.extra.perf.PAPI_L3_TCA.7965,127937796518.0
1758239975.8122778,nrm.extra.perf.PAPI_TOT_INS.7965,2547900731413.0
1758239975.8122778,nrm.extra.perf.PAPI_TOT_CYC.7965,14972106269243.0
1758239975.8122778,nrm.extra.perf.PAPI_RES_STL.7965,13145138222191.0
1758239975.8122778,nrm.extra.perf.PAPI_L3_TCM.7965,118972076247.0
1758239976.8149524,nrm.extra.perf.PAPI_L3_TCA.7965,130279426598.0
1758239976.8149524,nrm.extra.perf.PAPI_TOT_INS.7965,2594426050259.0
1758239976.8149524,nrm.extra.perf.PAPI_TOT_CYC.7965,15246291358938.0
1758239976.8149524,nrm.extra.perf.PAPI_RES_STL.7965,13387094245095.0
1758239976.8149524,nrm.extra.perf.PAPI_L3_TCM.7965,121154760166.0
1758239977.8155792,nrm.extra.perf.PAPI_L3_TCA.7965,132577170624.0
1758239977.8155792,nrm.extra.perf.PAPI_TOT_INS.7965,2640456908049.0
1758239977.8155792,nrm.extra.perf.PAPI_TOT_CYC.7965,15517381718306.0
1758239977.8155792,nrm.extra.perf.PAPI_RES_STL.7965,13623712810343.0
1758239977.8155792,nrm.extra.perf.PAPI_L3_TCM.7965,123294544762.0
1758239978.8136644,nrm.extra.perf.PAPI_L3_TCA.7965,134908274374.0
1758239978.8136644,nrm.extra.perf.PAPI_TOT_INS.7965,2686829137674.0
1758239978.8136644,nrm.extra.perf.PAPI_TOT_CYC.7965,15790711455870.0
1758239978.8136644,nrm.extra.perf.PAPI_RES_STL.7965,13863575787197.0
1758239978.8136644,nrm.extra.perf.PAPI_L3_TCM.7965,125457278813.0
1758239979.813404,nrm.extra.perf.PAPI_L3_TCA.7965,137231763746.0
1758239979.813404,nrm.extra.perf.PAPI_TOT_INS.7965,2733214178707.0
1758239979.813404,nrm.extra.perf.PAPI_TOT_CYC.7965,16064159248335.0
1758239979.813404,nrm.extra.perf.PAPI_RES_STL.7965,14102929198279.0
1758239979.813404,nrm.extra.perf.PAPI_L3_TCM.7965,127616120190.0
1758239980.81511,nrm.extra.perf.PAPI_L3_TCA.7965,139559414177.0
1758239980.81511,nrm.extra.perf.PAPI_TOT_INS.7965,2779625169538.0
1758239980.81511,nrm.extra.perf.PAPI_TOT_CYC.7965,16337984767516.0
1758239980.81511,nrm.extra.perf.PAPI_RES_STL.7965,14343589748530.0
1758239980.81511,nrm.extra.perf.PAPI_L3_TCM.7965,129786535459.0
1758239981.8137271,nrm.extra.perf.PAPI_L3_TCA.7965,141922159371.0
1758239981.8137271,nrm.extra.perf.PAPI_TOT_INS.7965,2826153693648.0
1758239981.8137271,nrm.extra.perf.PAPI_TOT_CYC.7965,16610644554511.0
1758239981.8137271,nrm.extra.perf.PAPI_RES_STL.7965,14585801218472.0
1758239981.8137271,nrm.extra.perf.PAPI_L3_TCM.7965,131977394894.0
1758239982.8140676,nrm.extra.perf.PAPI_L3_TCA.7965,144275161970.0
1758239982.8140676,nrm.extra.perf.PAPI_TOT_INS.7965,2872636570771.0
1758239982.8140676,nrm.extra.perf.PAPI_TOT_CYC.7965,16883649053510.0
1758239982.8140676,nrm.extra.perf.PAPI_RES_STL.7965,14828090069575.0
1758239982.8140676,nrm.extra.perf.PAPI_L3_TCM.7965,134168227553.0
1758239983.8150866,nrm.extra.perf.PAPI_L3_TCA.7965,146617594782.0
1758239983.8150866,nrm.extra.perf.PAPI_TOT_INS.7965,2919122762541.0
1758239983.8150866,nrm.extra.perf.PAPI_TOT_CYC.7965,17156767358879.0
1758239983.8150866,nrm.extra.perf.PAPI_RES_STL.7965,15069163996879.0
1758239983.8150866,nrm.extra.perf.PAPI_L3_TCM.7965,136347420362.0
1758239984.8149068,nrm.extra.perf.PAPI_L3_TCA.7965,148943297035.0
1758239984.8149068,nrm.extra.perf.PAPI_TOT_INS.7965,2965500831845.0
1758239984.8149068,nrm.extra.perf.PAPI_TOT_CYC.7965,17429997156412.0
1758239984.8149068,nrm.extra.perf.PAPI_RES_STL.7965,15308724991326.0
1758239984.8149068,nrm.extra.perf.PAPI_L3_TCM.7965,138510908940.0
1758239985.812799,nrm.extra.perf.PAPI_L3_TCA.7965,151283713699.0
1758239985.812799,nrm.extra.perf.PAPI_TOT_INS.7965,3011890041950.0
1758239985.812799,nrm.extra.perf.PAPI_TOT_CYC.7965,17702672590291.0
1758239985.812799,nrm.extra.perf.PAPI_RES_STL.7965,15549004083341.0
1758239985.812799,nrm.extra.perf.PAPI_L3_TCM.7965,140681924876.0
1758239986.8132749,nrm.extra.perf.PAPI_L3_TCA.7965,153629599828.0
1758239986.8132749,nrm.extra.perf.PAPI_TOT_INS.7965,3058372303070.0
1758239986.8132749,nrm.extra.perf.PAPI_TOT_CYC.7965,17976005854351.0
1758239986.8132749,nrm.extra.perf.PAPI_RES_STL.7965,15790636452224.0
1758239986.8132749,nrm.extra.perf.PAPI_L3_TCM.7965,142864635197.0
1758239987.812775,nrm.extra.perf.PAPI_L3_TCA.7965,155974488948.0
1758239987.812775,nrm.extra.perf.PAPI_TOT_INS.7965,3104807222891.0
1758239987.812775,nrm.extra.perf.PAPI_TOT_CYC.7965,18248925455570.0
1758239987.812775,nrm.extra.perf.PAPI_RES_STL.7965,16031759600315.0
1758239987.812775,nrm.extra.perf.PAPI_L3_TCM.7965,145043395898.0
1758239988.8121138,nrm.extra.perf.PAPI_L3_TCA.7965,158317586388.0
1758239988.8121138,nrm.extra.perf.PAPI_TOT_INS.7965,3151267320638.0
1758239988.8121138,nrm.extra.perf.PAPI_TOT_CYC.7965,18521900508027.0
1758239988.8121138,nrm.extra.perf.PAPI_RES_STL.7965,16273022637862.0
1758239988.8121138,nrm.extra.perf.PAPI_L3_TCM.7965,147222127414.0
1758239989.8124366,nrm.extra.perf.PAPI_L3_TCA.7965,160631213120.0
1758239989.8124366,nrm.extra.perf.PAPI_TOT_INS.7965,3197623529831.0
1758239989.8124366,nrm.extra.perf.PAPI_TOT_CYC.7965,18795902491049.0
1758239989.8124366,nrm.extra.perf.PAPI_RES_STL.7965,16511869040789.0
1758239989.8124366,nrm.extra.perf.PAPI_L3_TCM.7965,149373365534.0
1758239990.8131056,nrm.extra.perf.PAPI_L3_TCA.7965,162967454181.0
1758239990.8131056,nrm.extra.perf.PAPI_TOT_INS.7965,3244053866981.0
1758239990.8131056,nrm.extra.perf.PAPI_TOT_CYC.7965,19069548018519.0
1758239990.8131056,nrm.extra.perf.PAPI_RES_STL.7965,16752769942698.0
1758239990.8131056,nrm.extra.perf.PAPI_L3_TCM.7965,151548153949.0
1758239991.8158233,nrm.extra.perf.PAPI_L3_TCA.7965,165274702966.0
1758239991.8158233,nrm.extra.perf.PAPI_TOT_INS.7965,3290154552479.0
1758239991.8158233,nrm.extra.perf.PAPI_TOT_CYC.7965,19340217359884.0
1758239991.8158233,nrm.extra.perf.PAPI_RES_STL.7965,16989741984357.0
1758239991.8158233,nrm.extra.perf.PAPI_L3_TCM.7965,153700016689.0
1758239992.8138576,nrm.extra.perf.PAPI_L3_TCA.7965,167622929716.0
1758239992.8138576,nrm.extra.perf.PAPI_TOT_INS.7965,3336602967605.0
1758239992.8138576,nrm.extra.perf.PAPI_TOT_CYC.7965,19612804965577.0
1758239992.8138576,nrm.extra.perf.PAPI_RES_STL.7965,17230817764536.0
1758239992.8138576,nrm.extra.perf.PAPI_L3_TCM.7965,155878768353.0
1758239993.8134463,nrm.extra.perf.PAPI_L3_TCA.7965,169908544351.0
1758239993.8134463,nrm.extra.perf.PAPI_TOT_INS.7965,3382580436875.0
1758239993.8134463,nrm.extra.perf.PAPI_TOT_CYC.7965,19884128858369.0
1758239993.8134463,nrm.extra.perf.PAPI_RES_STL.7965,17465837071218.0
1758239993.8134463,nrm.extra.perf.PAPI_L3_TCM.7965,158002431907.0
1758239994.8141472,nrm.extra.perf.PAPI_L3_TCA.7965,172194079640.0
1758239994.8141472,nrm.extra.perf.PAPI_TOT_INS.7965,3428852398080.0
1758239994.8141472,nrm.extra.perf.PAPI_TOT_CYC.7965,20158320284952.0
1758239994.8141472,nrm.extra.perf.PAPI_RES_STL.7965,17702174923041.0
1758239994.8141472,nrm.extra.perf.PAPI_L3_TCM.7965,160129402200.0
1758239995.813545,nrm.extra.perf.PAPI_L3_TCA.7965,174495710387.0
1758239995.813545,nrm.extra.perf.PAPI_TOT_INS.7965,3475076313475.0
1758239995.813545,nrm.extra.perf.PAPI_TOT_CYC.7965,20431853778520.0
1758239995.813545,nrm.extra.perf.PAPI_RES_STL.7965,17939260710978.0
1758239995.813545,nrm.extra.perf.PAPI_L3_TCM.7965,162266785406.0
1758239996.8151195,nrm.extra.perf.PAPI_L3_TCA.7965,176801360771.0
1758239996.8151195,nrm.extra.perf.PAPI_TOT_INS.7965,3521450657613.0
1758239996.8151195,nrm.extra.perf.PAPI_TOT_CYC.7965,20706379651525.0
1758239996.8151195,nrm.extra.perf.PAPI_RES_STL.7965,18178105489717.0
1758239996.8151195,nrm.extra.perf.PAPI_L3_TCM.7965,164415382248.0
1758239997.8137548,nrm.extra.perf.PAPI_L3_TCA.7965,179053814204.0
1758239997.8137548,nrm.extra.perf.PAPI_TOT_INS.7965,3567383567948.0
1758239997.8137548,nrm.extra.perf.PAPI_TOT_CYC.7965,20978462492923.0
1758239997.8137548,nrm.extra.perf.PAPI_RES_STL.7965,18409948178319.0
1758239997.8137548,nrm.extra.perf.PAPI_L3_TCM.7965,166503487751.0
1758239998.8123682,nrm.extra.perf.PAPI_L3_TCA.7965,181339462249.0
1758239998.8123682,nrm.extra.perf.PAPI_TOT_INS.7965,3613542617744.0
1758239998.8123682,nrm.extra.perf.PAPI_TOT_CYC.7965,21252658334527.0
1758239998.8123682,nrm.extra.perf.PAPI_RES_STL.7965,18646261962636.0
1758239998.8123682,nrm.extra.perf.PAPI_L3_TCM.7965,168626656144.0
1758239999.8131485,nrm.extra.perf.PAPI_L3_TCA.7965,183692381199.0
1758239999.8131485,nrm.extra.perf.PAPI_TOT_INS.7965,3660106997827.0
1758239999.8131485,nrm.extra.perf.PAPI_TOT_CYC.7965,21525367932130.0
1758239999.8131485,nrm.extra.perf.PAPI_RES_STL.7965,18887870685454.0
1758239999.8131485,nrm.extra.perf.PAPI_L3_TCM.7965,170817642793.0
1758240000.8148983,nrm.extra.perf.PAPI_L3_TCA.7965,186045068213.0
1758240000.8148983,nrm.extra.perf.PAPI_TOT_INS.7965,3706660333190.0
1758240000.8148983,nrm.extra.perf.PAPI_TOT_CYC.7965,21798624490784.0
1758240000.8148983,nrm.extra.perf.PAPI_RES_STL.7965,19130000207908.0
1758240000.8148983,nrm.extra.perf.PAPI_L3_TCM.7965,173008504044.0
1758240001.8158014,nrm.extra.perf.PAPI_L3_TCA.7965,188397085293.0
1758240001.8158014,nrm.extra.perf.PAPI_TOT_INS.7965,3753165019067.0
1758240001.8158014,nrm.extra.perf.PAPI_TOT_CYC.7965,22071300095896.0
1758240001.8158014,nrm.extra.perf.PAPI_RES_STL.7965,19371791354114.0
1758240001.8158014,nrm.extra.perf.PAPI_L3_TCM.7965,175199510370.0
1758240002.8122818,nrm.extra.perf.PAPI_L3_TCA.7965,190749982058.0
1758240002.8122818,nrm.extra.perf.PAPI_TOT_INS.7965,3799627204398.0
1758240002.8122818,nrm.extra.perf.PAPI_TOT_CYC.7965,22343469759937.0
1758240002.8122818,nrm.extra.perf.PAPI_RES_STL.7965,19612724347721.0
1758240002.8122818,nrm.extra.perf.PAPI_L3_TCM.7965,177378960449.0
1758240003.8142169,nrm.extra.perf.PAPI_L3_TCA.7965,193094340450.0
1758240003.8142169,nrm.extra.perf.PAPI_TOT_INS.7965,3846167543136.0
1758240003.8142169,nrm.extra.perf.PAPI_TOT_CYC.7965,22616851604314.0
1758240003.8142169,nrm.extra.perf.PAPI_RES_STL.7965,19853790708073.0
1758240003.8142169,nrm.extra.perf.PAPI_L3_TCM.7965,179562165106.0
1758240004.8157754,nrm.extra.perf.PAPI_L3_TCA.7965,195436252458.0
1758240004.8157754,nrm.extra.perf.PAPI_TOT_INS.7965,3892645538335.0
1758240004.8157754,nrm.extra.perf.PAPI_TOT_CYC.7965,22889832590039.0
1758240004.8157754,nrm.extra.perf.PAPI_RES_STL.7965,20094840591286.0
1758240004.8157754,nrm.extra.perf.PAPI_L3_TCM.7965,181745367492.0
1758240005.814413,nrm.extra.perf.PAPI_L3_TCA.7965,197782010203.0
1758240005.814413,nrm.extra.perf.PAPI_TOT_INS.7965,3939112682459.0
1758240005.814413,nrm.extra.perf.PAPI_TOT_CYC.7965,23162403273730.0
1758240005.814413,nrm.extra.perf.PAPI_RES_STL.7965,20335626727895.0
1758240005.814413,nrm.extra.perf.PAPI_L3_TCM.7965,183924367902.0
1758240006.813507,nrm.extra.perf.PAPI_L3_TCA.7965,200127658299.0
1758240006.813507,nrm.extra.perf.PAPI_TOT_INS.7965,3985592016575.0
1758240006.813507,nrm.extra.perf.PAPI_TOT_CYC.7965,23434833294143.0
1758240006.813507,nrm.extra.perf.PAPI_RES_STL.7965,20576290951609.0
1758240006.813507,nrm.extra.perf.PAPI_L3_TCM.7965,186103002442.0
1758240007.8132925,nrm.extra.perf.PAPI_L3_TCA.7965,202466941037.0
1758240007.8132925,nrm.extra.perf.PAPI_TOT_INS.7965,4032001069811.0
1758240007.8132925,nrm.extra.perf.PAPI_TOT_CYC.7965,23707635430747.0
1758240007.8132925,nrm.extra.perf.PAPI_RES_STL.7965,20816626182496.0
1758240007.8132925,nrm.extra.perf.PAPI_L3_TCM.7965,188277929248.0
1758240008.8141365,nrm.extra.perf.PAPI_L3_TCA.7965,204347144978.0
1758240008.8141365,nrm.extra.perf.PAPI_TOT_INS.7965,4076813098256.0
1758240008.8141365,nrm.extra.perf.PAPI_TOT_CYC.7965,23981561216032.0
1758240008.8141365,nrm.extra.perf.PAPI_RES_STL.7965,21010219574489.0
1758240008.8141365,nrm.extra.perf.PAPI_L3_TCM.7965,190028125025.0
1758240009.8137813,nrm.extra.perf.PAPI_L3_TCA.7965,206682882765.0
1758240009.8137813,nrm.extra.perf.PAPI_TOT_INS.7965,4123252971836.0
1758240009.8137813,nrm.extra.perf.PAPI_TOT_CYC.7965,24254103996879.0
1758240009.8137813,nrm.extra.perf.PAPI_RES_STL.7965,21249898298302.0
1758240009.8137813,nrm.extra.perf.PAPI_L3_TCM.7965,192199442696.0
1758240010.8133738,nrm.extra.perf.PAPI_L3_TCA.7965,209029919745.0
1758240010.8133738,nrm.extra.perf.PAPI_TOT_INS.7965,4169728779411.0
1758240010.8133738,nrm.extra.perf.PAPI_TOT_CYC.7965,24526820758979.0
1758240010.8133738,nrm.extra.perf.PAPI_RES_STL.7965,21491062325741.0
1758240010.8133738,nrm.extra.perf.PAPI_L3_TCM.7965,194382708423.0
1758240011.8128414,nrm.extra.perf.PAPI_L3_TCA.7965,211361171126.0
1758240011.8128414,nrm.extra.perf.PAPI_TOT_INS.7965,4216178619953.0
1758240011.8128414,nrm.extra.perf.PAPI_TOT_CYC.7965,24799573327617.0
1758240011.8128414,nrm.extra.perf.PAPI_RES_STL.7965,21730687490403.0
1758240011.8128414,nrm.extra.perf.PAPI_L3_TCM.7965,196550146059.0
1758240012.8133626,nrm.extra.perf.PAPI_L3_TCA.7965,213666073026.0
1758240012.8133626,nrm.extra.perf.PAPI_TOT_INS.7965,4262247840458.0
1758240012.8133626,nrm.extra.perf.PAPI_TOT_CYC.7965,25070177142415.0
1758240012.8133626,nrm.extra.perf.PAPI_RES_STL.7965,21966979442987.0
1758240012.8133626,nrm.extra.perf.PAPI_L3_TCM.7965,198694202410.0
1758240013.8121705,nrm.extra.perf.PAPI_L3_TCA.7965,215888150094.0
1758240013.8121705,nrm.extra.perf.PAPI_TOT_INS.7965,4307936022454.0
1758240013.8121705,nrm.extra.perf.PAPI_TOT_CYC.7965,25340294134634.0
1758240013.8121705,nrm.extra.perf.PAPI_RES_STL.7965,22194765403217.0
1758240013.8121705,nrm.extra.perf.PAPI_L3_TCM.7965,200760219687.0
1758240014.8152945,nrm.extra.perf.PAPI_L3_TCA.7965,218204167665.0
1758240014.8152945,nrm.extra.perf.PAPI_TOT_INS.7965,4354212203990.0
1758240014.8152945,nrm.extra.perf.PAPI_TOT_CYC.7965,25613527220307.0
1758240014.8152945,nrm.extra.perf.PAPI_RES_STL.7965,22434220669904.0
1758240014.8152945,nrm.extra.perf.PAPI_L3_TCM.7965,202919180355.0
1758240015.8131769,nrm.extra.perf.PAPI_L3_TCA.7965,220513447612.0
1758240015.8131769,nrm.extra.perf.PAPI_TOT_INS.7965,4400345471416.0
1758240015.8131769,nrm.extra.perf.PAPI_TOT_CYC.7965,25885449241943.0
1758240015.8131769,nrm.extra.perf.PAPI_RES_STL.7965,22671832550951.0
1758240015.8131769,nrm.extra.perf.PAPI_L3_TCM.7965,205063316902.0
1758240016.8133016,nrm.extra.perf.PAPI_L3_TCA.7965,222837239421.0
1758240016.8133016,nrm.extra.perf.PAPI_TOT_INS.7965,4446569234348.0
1758240016.8133016,nrm.extra.perf.PAPI_TOT_CYC.7965,26157833401778.0
1758240016.8133016,nrm.extra.perf.PAPI_RES_STL.7965,22911319472790.0
1758240016.8133016,nrm.extra.perf.PAPI_L3_TCM.7965,207222931830.0
1758240017.813812,nrm.extra.perf.PAPI_L3_TCA.7965,225150049143.0
1758240017.813812,nrm.extra.perf.PAPI_TOT_INS.7965,4492779521086.0
1758240017.813812,nrm.extra.perf.PAPI_TOT_CYC.7965,26430393517516.0
1758240017.813812,nrm.extra.perf.PAPI_RES_STL.7965,23149873097700.0
1758240017.813812,nrm.extra.perf.PAPI_L3_TCM.7965,209374660947.0
1758240018.8137875,nrm.extra.perf.PAPI_L3_TCA.7965,227470865076.0
1758240018.8137875,nrm.extra.perf.PAPI_TOT_INS.7965,4539038129657.0
1758240018.8137875,nrm.extra.perf.PAPI_TOT_CYC.7965,26702447795020.0
1758240018.8137875,nrm.extra.perf.PAPI_RES_STL.7965,23388936567395.0
1758240018.8137875,nrm.extra.perf.PAPI_L3_TCM.7965,211534399352.0
1758240019.8128726,nrm.extra.perf.PAPI_L3_TCA.7965,229786749885.0
1758240019.8128726,nrm.extra.perf.PAPI_TOT_INS.7965,4585210339233.0
1758240019.8128726,nrm.extra.perf.PAPI_TOT_CYC.7965,26974332949506.0
1758240019.8128726,nrm.extra.perf.PAPI_RES_STL.7965,23627143726888.0
1758240019.8128726,nrm.extra.perf.PAPI_L3_TCM.7965,213686233001.0
1758240020.8128312,nrm.extra.perf.PAPI_L3_TCA.7965,231789268648.0
1758240020.8128312,nrm.extra.perf.PAPI_TOT_INS.7965,4630341119594.0
1758240020.8128312,nrm.extra.perf.PAPI_TOT_CYC.7965,27247332056282.0
1758240020.8128312,nrm.extra.perf.PAPI_RES_STL.7965,23833076812143.0
1758240020.8128312,nrm.extra.perf.PAPI_L3_TCM.7965,215548850486.0
1758240021.8137379,nrm.extra.perf.PAPI_L3_TCA.7965,234142168019.0
1758240021.8137379,nrm.extra.perf.PAPI_TOT_INS.7965,4676906084333.0
1758240021.8137379,nrm.extra.perf.PAPI_TOT_CYC.7965,27519718090470.0
1758240021.8137379,nrm.extra.perf.PAPI_RES_STL.7965,24074477635844.0
1758240021.8137379,nrm.extra.perf.PAPI_L3_TCM.7965,217739677426.0
1758240022.8140662,nrm.extra.perf.PAPI_L3_TCA.7965,236471675648.0
1758240022.8140662,nrm.extra.perf.PAPI_TOT_INS.7965,4723158827808.0
1758240022.8140662,nrm.extra.perf.PAPI_TOT_CYC.7965,27789812842917.0
1758240022.8140662,nrm.extra.perf.PAPI_RES_STL.7965,24312834495382.0
1758240022.8140662,nrm.extra.perf.PAPI_L3_TCM.7965,219906879400.0
1758240023.8130822,nrm.extra.perf.PAPI_L3_TCA.7965,238822259419.0
1758240023.8130822,nrm.extra.perf.PAPI_TOT_INS.7965,4769622428569.0
1758240023.8130822,nrm.extra.perf.PAPI_TOT_CYC.7965,28061537701525.0
1758240023.8130822,nrm.extra.perf.PAPI_RES_STL.7965,24553183793428.0
1758240023.8130822,nrm.extra.perf.PAPI_L3_TCM.7965,222089959623.0
1758240024.8148756,nrm.extra.perf.PAPI_L3_TCA.7965,240887475846.0
1758240024.8148756,nrm.extra.perf.PAPI_TOT_INS.7965,4815172742131.0
1758240024.8148756,nrm.extra.perf.PAPI_TOT_CYC.7965,28335237647429.0
1758240024.8148756,nrm.extra.perf.PAPI_RES_STL.7965,24765849373961.0
1758240024.8148756,nrm.extra.perf.PAPI_L3_TCM.7965,224014743094.0
1758240025.8150542,nrm.extra.perf.PAPI_L3_TCA.7965,243211194087.0
1758240025.8150542,nrm.extra.perf.PAPI_TOT_INS.7965,4861567408580.0
1758240025.8150542,nrm.extra.perf.PAPI_TOT_CYC.7965,28607613433466.0
1758240025.8150542,nrm.extra.perf.PAPI_RES_STL.7965,25004345743588.0
1758240025.8150542,nrm.extra.perf.PAPI_L3_TCM.7965,226177814903.0
1758240026.8131351,nrm.extra.perf.PAPI_L3_TCA.7965,245553066248.0
1758240026.8131351,nrm.extra.perf.PAPI_TOT_INS.7965,4908014489271.0
1758240026.8131351,nrm.extra.perf.PAPI_TOT_CYC.7965,28879825975366.0
1758240026.8131351,nrm.extra.perf.PAPI_RES_STL.7965,25243947712507.0
1758240026.8131351,nrm.extra.perf.PAPI_L3_TCM.7965,228348929767.0
1758240027.8151631,nrm.extra.perf.PAPI_L3_TCA.7965,247869797764.0
1758240027.8151631,nrm.extra.perf.PAPI_TOT_INS.7965,4954474004021.0
1758240027.8151631,nrm.extra.perf.PAPI_TOT_CYC.7965,29153211646334.0
1758240027.8151631,nrm.extra.perf.PAPI_RES_STL.7965,25482591880599.0
1758240027.8151631,nrm.extra.perf.PAPI_L3_TCM.7965,230507908209.0
1758240028.8151124,nrm.extra.perf.PAPI_L3_TCA.7965,250207784631.0
1758240028.8151124,nrm.extra.perf.PAPI_TOT_INS.7965,5000919681901.0
1758240028.8151124,nrm.extra.perf.PAPI_TOT_CYC.7965,29425772850480.0
1758240028.8151124,nrm.extra.perf.PAPI_RES_STL.7965,25722576719038.0
1758240028.8151124,nrm.extra.perf.PAPI_L3_TCM.7965,232682831269.0
1758240029.812389,nrm.extra.perf.PAPI_L3_TCA.7965,252536418801.0
1758240029.812389,nrm.extra.perf.PAPI_TOT_INS.7965,5047286091427.0
1758240029.812389,nrm.extra.perf.PAPI_TOT_CYC.7965,29697936247562.0
1758240029.812389,nrm.extra.perf.PAPI_RES_STL.7965,25961095113252.0
1758240029.812389,nrm.extra.perf.PAPI_L3_TCM.7965,234841810141.0
1758240030.81363,nrm.extra.perf.PAPI_L3_TCA.7965,254854800149.0
1758240030.81363,nrm.extra.perf.PAPI_TOT_INS.7965,5093747829115.0
1758240030.81363,nrm.extra.perf.PAPI_TOT_CYC.7965,29970994054709.0
1758240030.81363,nrm.extra.perf.PAPI_RES_STL.7965,26199600789266.0
1758240030.81363,nrm.extra.perf.PAPI_L3_TCM.7965,237000843452.0
1758240031.8151803,nrm.extra.perf.PAPI_L3_TCA.7965,257188896091.0
1758240031.8151803,nrm.extra.perf.PAPI_TOT_INS.7965,5140186913305.0
1758240031.8151803,nrm.extra.perf.PAPI_TOT_CYC.7965,30244110523386.0
1758240031.8151803,nrm.extra.perf.PAPI_RES_STL.7965,26439786096741.0
1758240031.8151803,nrm.extra.perf.PAPI_L3_TCM.7965,239175606286.0
1758240032.815104,nrm.extra.perf.PAPI_L3_TCA.7965,259489278925.0
1758240032.815104,nrm.extra.perf.PAPI_TOT_INS.7965,5186502767996.0
1758240032.815104,nrm.extra.perf.PAPI_TOT_CYC.7965,30517992540211.0
1758240032.815104,nrm.extra.perf.PAPI_RES_STL.7965,26677313908346.0
1758240032.815104,nrm.extra.perf.PAPI_L3_TCM.7965,241314299540.0
1758240033.8117034,nrm.extra.perf.PAPI_L3_TCA.7965,261824551661.0
1758240033.8117034,nrm.extra.perf.PAPI_TOT_INS.7965,5232850286784.0
1758240033.8117034,nrm.extra.perf.PAPI_TOT_CYC.7965,30790618652193.0
1758240033.8117034,nrm.extra.perf.PAPI_RES_STL.7965,26916875725649.0
1758240033.8117034,nrm.extra.perf.PAPI_L3_TCM.7965,243477026035.0
1758240034.812878,nrm.extra.perf.PAPI_L3_TCA.7965,264145563758.0
1758240034.812878,nrm.extra.perf.PAPI_TOT_INS.7965,5279292212776.0
1758240034.812878,nrm.extra.perf.PAPI_TOT_CYC.7965,31064208033363.0
1758240034.812878,nrm.extra.perf.PAPI_RES_STL.7965,27155932232376.0
1758240034.812878,nrm.extra.perf.PAPI_L3_TCM.7965,245636211884.0
1758240035.8146532,nrm.extra.perf.PAPI_L3_TCA.7965,266454581416.0
1758240035.8146532,nrm.extra.perf.PAPI_TOT_INS.7965,5325668832307.0
1758240035.8146532,nrm.extra.perf.PAPI_TOT_CYC.7965,31338824226575.0
1758240035.8146532,nrm.extra.perf.PAPI_RES_STL.7965,27394968264834.0
1758240035.8146532,nrm.extra.perf.PAPI_L3_TCM.7965,247786525208.0
1758240036.8139884,nrm.extra.perf.PAPI_L3_TCA.7965,268778337171.0
1758240036.8139884,nrm.extra.perf.PAPI_TOT_INS.7965,5372084083989.0
1758240036.8139884,nrm.extra.perf.PAPI_TOT_CYC.7965,31612318874373.0
1758240036.8139884,nrm.extra.perf.PAPI_RES_STL.7965,27634452961331.0
1758240036.8139884,nrm.extra.perf.PAPI_L3_TCM.7965,249945055329.0
1758240037.8130758,nrm.extra.perf.PAPI_L3_TCA.7965,271065052820.0
1758240037.8130758,nrm.extra.perf.PAPI_TOT_INS.7965,5417710910600.0
1758240037.8130758,nrm.extra.perf.PAPI_TOT_CYC.7965,31879994704296.0
1758240037.8130758,nrm.extra.perf.PAPI_RES_STL.7965,27868271752741.0
1758240037.8130758,nrm.extra.perf.PAPI_L3_TCM.7965,252068970702.0
1758240038.8136573,nrm.extra.perf.PAPI_L3_TCA.7965,273407314412.0
1758240038.8136573,nrm.extra.perf.PAPI_TOT_INS.7965,5464225827728.0
1758240038.8136573,nrm.extra.perf.PAPI_TOT_CYC.7965,32152619477428.0
1758240038.8136573,nrm.extra.perf.PAPI_RES_STL.7965,28108802765278.0
1758240038.8136573,nrm.extra.perf.PAPI_L3_TCM.7965,254247857135.0
1758240039.8141708,nrm.extra.perf.PAPI_L3_TCA.7965,275729722067.0
1758240039.8141708,nrm.extra.perf.PAPI_TOT_INS.7965,5510579646231.0
1758240039.8141708,nrm.extra.perf.PAPI_TOT_CYC.7965,32426137896803.0
1758240039.8141708,nrm.extra.perf.PAPI_RES_STL.7965,28348357352162.0
1758240039.8141708,nrm.extra.perf.PAPI_L3_TCM.7965,256410212143.0
1758240040.815278,nrm.extra.perf.PAPI_L3_TCA.7965,278030248394.0
1758240040.815278,nrm.extra.perf.PAPI_TOT_INS.7965,5556930368223.0
1758240040.815278,nrm.extra.perf.PAPI_TOT_CYC.7965,32700213513077.0
1758240040.815278,nrm.extra.perf.PAPI_RES_STL.7965,28585804420838.0
1758240040.815278,nrm.extra.perf.PAPI_L3_TCM.7965,258548916969.0
1758240041.814695,nrm.extra.perf.PAPI_L3_TCA.7965,280385641814.0
1758240041.814695,nrm.extra.perf.PAPI_TOT_INS.7965,5603410374509.0
1758240041.814695,nrm.extra.perf.PAPI_TOT_CYC.7965,32972407718214.0
1758240041.814695,nrm.extra.perf.PAPI_RES_STL.7965,28827472578443.0
1758240041.814695,nrm.extra.perf.PAPI_L3_TCM.7965,260739278933.0
1758240042.814612,nrm.extra.perf.PAPI_L3_TCA.7965,282724858121.0
1758240042.814612,nrm.extra.perf.PAPI_TOT_INS.7965,5649843197796.0
1758240042.814612,nrm.extra.perf.PAPI_TOT_CYC.7965,33245236186549.0
1758240042.814612,nrm.extra.perf.PAPI_RES_STL.7965,29067674398559.0
1758240042.814612,nrm.extra.perf.PAPI_L3_TCM.7965,262914094477.0
1758240043.8152478,nrm.extra.perf.PAPI_L3_TCA.7965,285064752309.0
1758240043.8152478,nrm.extra.perf.PAPI_TOT_INS.7965,5696293768149.0
1758240043.8152478,nrm.extra.perf.PAPI_TOT_CYC.7965,33517905367382.0
1758240043.8152478,nrm.extra.perf.PAPI_RES_STL.7965,29308320892796.0
1758240043.8152478,nrm.extra.perf.PAPI_L3_TCM.7965,265092539496.0
1758240044.812119,nrm.extra.perf.PAPI_L3_TCA.7965,287374733112.0
1758240044.812119,nrm.extra.perf.PAPI_TOT_INS.7965,5742601079117.0
1758240044.812119,nrm.extra.perf.PAPI_TOT_CYC.7965,33790220488956.0
1758240044.812119,nrm.extra.perf.PAPI_RES_STL.7965,29544974813603.0
1758240044.812119,nrm.extra.perf.PAPI_L3_TCM.7965,267232473449.0
1758240045.8139515,nrm.extra.perf.PAPI_L3_TCA.7965,289719536239.0
1758240045.8139515,nrm.extra.perf.PAPI_TOT_INS.7965,5789114340836.0
1758240045.8139515,nrm.extra.perf.PAPI_TOT_CYC.7965,34063664431659.0
1758240045.8139515,nrm.extra.perf.PAPI_RES_STL.7965,29786243484062.0
1758240045.8139515,nrm.extra.perf.PAPI_L3_TCM.7965,269414916488.0
1758240046.8141654,nrm.extra.perf.PAPI_L3_TCA.7965,292052348066.0
1758240046.8141654,nrm.extra.perf.PAPI_TOT_INS.7965,5835534104736.0
1758240046.8141654,nrm.extra.perf.PAPI_TOT_CYC.7965,34336634050672.0
1758240046.8141654,nrm.extra.perf.PAPI_RES_STL.7965,30026262301388.0
1758240046.8141654,nrm.extra.perf.PAPI_L3_TCM.7965,271585689515.0
1758240047.8150864,nrm.extra.perf.PAPI_L3_TCA.7965,294394562310.0
1758240047.8150864,nrm.extra.perf.PAPI_TOT_INS.7965,5882028186251.0
1758240047.8150864,nrm.extra.perf.PAPI_TOT_CYC.7965,34609593807188.0
1758240047.8150864,nrm.extra.perf.PAPI_RES_STL.7965,30267047554764.0
1758240047.8150864,nrm.extra.perf.PAPI_L3_TCM.7965,273764177159.0
1758240048.8157175,nrm.extra.perf.PAPI_L3_TCA.7965,296730041191.0
1758240048.8157175,nrm.extra.perf.PAPI_TOT_INS.7965,5928426213858.0
1758240048.8157175,nrm.extra.perf.PAPI_TOT_CYC.7965,34882339931619.0
1758240048.8157175,nrm.extra.perf.PAPI_RES_STL.7965,30507260761128.0
1758240048.8157175,nrm.extra.perf.PAPI_L3_TCM.7965,275939156548.0
1758240049.815677,nrm.extra.perf.PAPI_L3_TCA.7965,299072821687.0
1758240049.815677,nrm.extra.perf.PAPI_TOT_INS.7965,5974890748791.0
1758240049.815677,nrm.extra.perf.PAPI_TOT_CYC.7965,35155166705731.0
1758240049.815677,nrm.extra.perf.PAPI_RES_STL.7965,30748114508790.0
1758240049.815677,nrm.extra.perf.PAPI_L3_TCM.7965,278117652374.0
1758240050.812777,nrm.extra.perf.PAPI_L3_TCA.7965,301365735933.0
1758240050.812777,nrm.extra.perf.PAPI_TOT_INS.7965,6021104953639.0
1758240050.812777,nrm.extra.perf.PAPI_TOT_CYC.7965,35428735040214.0
1758240050.812777,nrm.extra.perf.PAPI_RES_STL.7965,30984032408466.0
1758240050.812777,nrm.extra.perf.PAPI_L3_TCM.7965,280241138216.0
1758240051.8146167,nrm.extra.perf.PAPI_L3_TCA.7965,303724435395.0
1758240051.8146167,nrm.extra.perf.PAPI_TOT_INS.7965,6067693575599.0
1758240051.8146167,nrm.extra.perf.PAPI_TOT_CYC.7965,35701632431809.0
1758240051.8146167,nrm.extra.perf.PAPI_RES_STL.7965,31226585617708.0
1758240051.8146167,nrm.extra.perf.PAPI_L3_TCM.7965,282439475386.0
1758240052.8130748,nrm.extra.perf.PAPI_L3_TCA.7965,306062857431.0
1758240052.8130748,nrm.extra.perf.PAPI_TOT_INS.7965,6114110301749.0
1758240052.8130748,nrm.extra.perf.PAPI_TOT_CYC.7965,35973888738471.0
1758240052.8130748,nrm.extra.perf.PAPI_RES_STL.7965,31466386655829.0
1758240052.8130748,nrm.extra.perf.PAPI_L3_TCM.7965,284610290549.0
1758240053.8135478,nrm.extra.perf.PAPI_L3_TCA.7965,308418811536.0
1758240053.8135478,nrm.extra.perf.PAPI_TOT_INS.7965,6160641509219.0
1758240053.8135478,nrm.extra.perf.PAPI_TOT_CYC.7965,36246570080188.0
1758240053.8135478,nrm.extra.perf.PAPI_RES_STL.7965,31708166679370.0
1758240053.8135478,nrm.extra.perf.PAPI_L3_TCM.7965,286800700971.0
1758240054.8130085,nrm.extra.perf.PAPI_L3_TCA.7965,310753490978.0
1758240054.8130085,nrm.extra.perf.PAPI_TOT_INS.7965,6207068869208.0
1758240054.8130085,nrm.extra.perf.PAPI_TOT_CYC.7965,36519285859277.0
1758240054.8130085,nrm.extra.perf.PAPI_RES_STL.7965,31948022239650.0
1758240054.8130085,nrm.extra.perf.PAPI_L3_TCM.7965,288971696948.0
1758240055.813736,nrm.extra.perf.PAPI_L3_TCA.7965,313108483183.0
1758240055.813736,nrm.extra.perf.PAPI_TOT_INS.7965,6253618166138.0
1758240055.813736,nrm.extra.perf.PAPI_TOT_CYC.7965,36792221504815.0
1758240055.813736,nrm.extra.perf.PAPI_RES_STL.7965,32189935554955.0
1758240055.813736,nrm.extra.perf.PAPI_L3_TCM.7965,291161932015.0
1758240056.8126113,nrm.extra.perf.PAPI_L3_TCA.7965,315445194714.0
1758240056.8126113,nrm.extra.perf.PAPI_TOT_INS.7965,6300019449156.0
1758240056.8126113,nrm.extra.perf.PAPI_TOT_CYC.7965,37064636276469.0
1758240056.8126113,nrm.extra.perf.PAPI_RES_STL.7965,32429736957853.0
1758240056.8126113,nrm.extra.perf.PAPI_L3_TCM.7965,293332937051.0
1758240057.815125,nrm.extra.perf.PAPI_L3_TCA.7965,317792737450.0
1758240057.815125,nrm.extra.perf.PAPI_TOT_INS.7965,6346560741679.0
1758240057.815125,nrm.extra.perf.PAPI_TOT_CYC.7965,37337835206001.0
1758240057.815125,nrm.extra.perf.PAPI_RES_STL.7965,32671591543944.0
1758240057.815125,nrm.extra.perf.PAPI_L3_TCM.7965,295523178119.0
1758240058.8142705,nrm.extra.perf.PAPI_L3_TCA.7965,320130134750.0
1758240058.8142705,nrm.extra.perf.PAPI_TOT_INS.7965,6392978645658.0
1758240058.8142705,nrm.extra.perf.PAPI_TOT_CYC.7965,37610747295808.0
1758240058.8142705,nrm.extra.perf.PAPI_RES_STL.7965,32911710998376.0
1758240058.8142705,nrm.extra.perf.PAPI_L3_TCM.7965,297694152085.0
1758240059.8130467,nrm.extra.perf.PAPI_L3_TCA.7965,322457977670.0
1758240059.8130467,nrm.extra.perf.PAPI_TOT_INS.7965,6439393856403.0
1758240059.8130467,nrm.extra.perf.PAPI_TOT_CYC.7965,37884067015434.0
1758240059.8130467,nrm.extra.perf.PAPI_RES_STL.7965,33151145424420.0
1758240059.8130467,nrm.extra.perf.PAPI_L3_TCM.7965,299852708019.0
1758240060.8157008,nrm.extra.perf.PAPI_L3_TCA.7965,324788317149.0
1758240060.8157008,nrm.extra.perf.PAPI_TOT_INS.7965,6485813681079.0
1758240060.8157008,nrm.extra.perf.PAPI_TOT_CYC.7965,38157480260341.0
1758240060.8157008,nrm.extra.perf.PAPI_RES_STL.7965,33391525186400.0
1758240060.8157008,nrm.extra.perf.PAPI_L3_TCM.7965,302027605459.0
1758240061.8123686,nrm.extra.perf.PAPI_L3_TCA.7965,327127515760.0
1758240061.8123686,nrm.extra.perf.PAPI_TOT_INS.7965,6532224253993.0
1758240061.8123686,nrm.extra.perf.PAPI_TOT_CYC.7965,38429645618506.0
1758240061.8123686,nrm.extra.perf.PAPI_RES_STL.7965,33631129107422.0
1758240061.8123686,nrm.extra.perf.PAPI_L3_TCM.7965,304194355126.0
1758240062.8123653,nrm.extra.perf.PAPI_L3_TCA.7965,329431964378.0
1758240062.8123653,nrm.extra.perf.PAPI_TOT_INS.7965,6578314256345.0
1758240062.8123653,nrm.extra.perf.PAPI_TOT_CYC.7965,38700089782635.0
1758240062.8123653,nrm.extra.perf.PAPI_RES_STL.7965,33867020184168.0
1758240062.8123653,nrm.extra.perf.PAPI_L3_TCM.7965,306338106023.0
1758240063.814295,nrm.extra.perf.PAPI_L3_TCA.7965,331781996521.0
1758240063.814295,nrm.extra.perf.PAPI_TOT_INS.7965,6624832992874.0
1758240063.814295,nrm.extra.perf.PAPI_TOT_CYC.7965,38972913315989.0
1758240063.814295,nrm.extra.perf.PAPI_RES_STL.7965,34108768128082.0
1758240063.814295,nrm.extra.perf.PAPI_L3_TCM.7965,308528884422.0
1758240064.8154263,nrm.extra.perf.PAPI_L3_TCA.7965,334086586181.0
1758240064.8154263,nrm.extra.perf.PAPI_TOT_INS.7965,6671203793036.0
1758240064.8154263,nrm.extra.perf.PAPI_TOT_CYC.7965,39246418150308.0
1758240064.8154263,nrm.extra.perf.PAPI_RES_STL.7965,34345961703366.0
1758240064.8154263,nrm.extra.perf.PAPI_L3_TCM.7965,310672386379.0
1758240065.8142052,nrm.extra.perf.PAPI_L3_TCA.7965,336368685332.0
1758240065.8142052,nrm.extra.perf.PAPI_TOT_INS.7965,6717411066106.0
1758240065.8142052,nrm.extra.perf.PAPI_TOT_CYC.7965,39520460053000.0
1758240065.8142052,nrm.extra.perf.PAPI_RES_STL.7965,34581638623399.0
1758240065.8142052,nrm.extra.perf.PAPI_L3_TCM.7965,312791231605.0
1758240066.8140342,nrm.extra.perf.PAPI_L3_TCA.7965,338675911785.0
1758240066.8140342,nrm.extra.perf.PAPI_TOT_INS.7965,6763746238235.0
1758240066.8140342,nrm.extra.perf.PAPI_TOT_CYC.7965,39793781732681.0
1758240066.8140342,nrm.extra.perf.PAPI_RES_STL.7965,34819024654833.0
1758240066.8140342,nrm.extra.perf.PAPI_L3_TCM.7965,314934276133.0
1758240067.8125772,nrm.extra.perf.PAPI_L3_TCA.7965,340992257933.0
1758240067.8125772,nrm.extra.perf.PAPI_TOT_INS.7965,6810045983564.0
1758240067.8125772,nrm.extra.perf.PAPI_TOT_CYC.7965,40066827396139.0
1758240067.8125772,nrm.extra.perf.PAPI_RES_STL.7965,35057406112725.0
1758240067.8125772,nrm.extra.perf.PAPI_L3_TCM.7965,317084935237.0
1758240068.8132873,nrm.extra.perf.PAPI_L3_TCA.7965,343303535229.0
1758240068.8132873,nrm.extra.perf.PAPI_TOT_INS.7965,6856413442144.0
1758240068.8132873,nrm.extra.perf.PAPI_TOT_CYC.7965,40340616918985.0
1758240068.8132873,nrm.extra.perf.PAPI_RES_STL.7965,35296002118512.0
1758240068.8132873,nrm.extra.perf.PAPI_L3_TCM.7965,319235546884.0
1758240069.815088,nrm.extra.perf.PAPI_L3_TCA.7965,345622563234.0
1758240069.815088,nrm.extra.perf.PAPI_TOT_INS.7965,6902825988404.0
1758240069.815088,nrm.extra.perf.PAPI_TOT_CYC.7965,40614694905457.0
1758240069.815088,nrm.extra.perf.PAPI_RES_STL.7965,35535409932696.0
1758240069.815088,nrm.extra.perf.PAPI_L3_TCM.7965,321393580493.0
1758240070.8133924,nrm.extra.perf.PAPI_L3_TCA.7965,347949152220.0
1758240070.8133924,nrm.extra.perf.PAPI_TOT_INS.7965,6949223178097.0
1758240070.8133924,nrm.extra.perf.PAPI_TOT_CYC.7965,40887034828239.0
1758240070.8133924,nrm.extra.perf.PAPI_RES_STL.7965,35773968666973.0
1758240070.8133924,nrm.extra.perf.PAPI_L3_TCM.7965,323552730433.0
1758240071.8127732,nrm.extra.perf.PAPI_L3_TCA.7965,350295986996.0
1758240071.8127732,nrm.extra.perf.PAPI_TOT_INS.7965,6995640094114.0
1758240071.8127732,nrm.extra.perf.PAPI_TOT_CYC.7965,41159188766080.0
1758240071.8127732,nrm.extra.perf.PAPI_RES_STL.7965,36014689143012.0
1758240071.8127732,nrm.extra.perf.PAPI_L3_TCM.7965,325735393153.0
1758240072.8133545,nrm.extra.perf.PAPI_L3_TCA.7965,352629870089.0
1758240072.8133545,nrm.extra.perf.PAPI_TOT_INS.7965,7042095950203.0
1758240072.8133545,nrm.extra.perf.PAPI_TOT_CYC.7965,41431825392751.0
1758240072.8133545,nrm.extra.perf.PAPI_RES_STL.7965,36254304398447.0
1758240072.8133545,nrm.extra.perf.PAPI_L3_TCM.7965,327906650397.0
1758240073.8138669,nrm.extra.perf.PAPI_L3_TCA.7965,354982631432.0
1758240073.8138669,nrm.extra.perf.PAPI_TOT_INS.7965,7088583454603.0
1758240073.8138669,nrm.extra.perf.PAPI_TOT_CYC.7965,41704360962781.0
1758240073.8138669,nrm.extra.perf.PAPI_RES_STL.7965,36496063738825.0
1758240073.8138669,nrm.extra.perf.PAPI_L3_TCM.7965,330096938015.0
1758240074.8136485,nrm.extra.perf.PAPI_L3_TCA.7965,357320130783.0
1758240074.8136485,nrm.extra.perf.PAPI_TOT_INS.7965,7135032068764.0
1758240074.8136485,nrm.extra.perf.PAPI_TOT_CYC.7965,41976799130291.0
1758240074.8136485,nrm.extra.perf.PAPI_RES_STL.7965,36735652047370.0
1758240074.8136485,nrm.extra.perf.PAPI_L3_TCM.7965,332268062383.0
1758240075.8130612,nrm.extra.perf.PAPI_L3_TCA.7965,359676682723.0
1758240075.8130612,nrm.extra.perf.PAPI_TOT_INS.7965,7181522609340.0
1758240075.8130612,nrm.extra.perf.PAPI_TOT_CYC.7965,42248995716253.0
1758240075.8130612,nrm.extra.perf.PAPI_RES_STL.7965,36977290633322.0
1758240075.8130612,nrm.extra.perf.PAPI_L3_TCM.7965,334458336163.0
1758240076.8160355,nrm.extra.perf.PAPI_L3_TCA.7965,362015796061.0
1758240076.8160355,nrm.extra.perf.PAPI_TOT_INS.7965,7228006145583.0
1758240076.8160355,nrm.extra.perf.PAPI_TOT_CYC.7965,42521913672404.0
1758240076.8160355,nrm.extra.perf.PAPI_RES_STL.7965,37217982714966.0
1758240076.8160355,nrm.extra.perf.PAPI_L3_TCM.7965,336640909003.0
1758240077.8123229,nrm.extra.perf.PAPI_L3_TCA.7965,364301772248.0
1758240077.8123229,nrm.extra.perf.PAPI_TOT_INS.7965,7273698682068.0
1758240077.8123229,nrm.extra.perf.PAPI_TOT_CYC.7965,42789052310297.0
1758240077.8123229,nrm.extra.perf.PAPI_RES_STL.7965,37450908518019.0
1758240077.8123229,nrm.extra.perf.PAPI_L3_TCM.7965,338761385229.0
1758240078.8126605,nrm.extra.perf.PAPI_L3_TCA.7965,366652550025.0
1758240078.8126605,nrm.extra.perf.PAPI_TOT_INS.7965,7320219325675.0
1758240078.8126605,nrm.extra.perf.PAPI_TOT_CYC.7965,43061270557702.0
1758240078.8126605,nrm.extra.perf.PAPI_RES_STL.7965,37691368408154.0
1758240078.8126605,nrm.extra.perf.PAPI_L3_TCM.7965,340944518679.0
1758240079.812558,nrm.extra.perf.PAPI_L3_TCA.7965,369016196812.0
1758240079.812558,nrm.extra.perf.PAPI_TOT_INS.7965,7366784820297.0
1758240079.812558,nrm.extra.perf.PAPI_TOT_CYC.7965,43333131537427.0
1758240079.812558,nrm.extra.perf.PAPI_RES_STL.7965,37933305899161.0
1758240079.812558,nrm.extra.perf.PAPI_L3_TCM.7965,343142794487.0
1758240080.8128996,nrm.extra.perf.PAPI_L3_TCA.7965,371349824401.0
1758240080.8128996,nrm.extra.perf.PAPI_TOT_INS.7965,7413223693327.0
1758240080.8128996,nrm.extra.perf.PAPI_TOT_CYC.7965,43605519320624.0
1758240080.8128996,nrm.extra.perf.PAPI_RES_STL.7965,38172807866872.0
1758240080.8128996,nrm.extra.perf.PAPI_L3_TCM.7965,345314115457.0
1758240081.814073,nrm.extra.perf.PAPI_L3_TCA.7965,373690863830.0
1758240081.814073,nrm.extra.perf.PAPI_TOT_INS.7965,7459748700263.0
1758240081.814073,nrm.extra.perf.PAPI_TOT_CYC.7965,43878497805281.0
1758240081.814073,nrm.extra.perf.PAPI_RES_STL.7965,38413435609833.0
1758240081.814073,nrm.extra.perf.PAPI_L3_TCM.7965,347492580817.0
1758240082.8142123,nrm.extra.perf.PAPI_L3_TCA.7965,375995856109.0
1758240082.8142123,nrm.extra.perf.PAPI_TOT_INS.7965,7506045404714.0
1758240082.8142123,nrm.extra.perf.PAPI_TOT_CYC.7965,44152328511055.0
1758240082.8142123,nrm.extra.perf.PAPI_RES_STL.7965,38651191200756.0
1758240082.8142123,nrm.extra.perf.PAPI_L3_TCM.7965,349635378821.0
1758240083.8124506,nrm.extra.perf.PAPI_L3_TCA.7965,378313234377.0
1758240083.8124506,nrm.extra.perf.PAPI_TOT_INS.7965,7552344443835.0
1758240083.8124506,nrm.extra.perf.PAPI_TOT_CYC.7965,44425366172803.0
1758240083.8124506,nrm.extra.perf.PAPI_RES_STL.7965,38889608929631.0
1758240083.8124506,nrm.extra.perf.PAPI_L3_TCM.7965,351786053841.0
1758240084.8141055,nrm.extra.perf.PAPI_L3_TCA.7965,380612811835.0
1758240084.8141055,nrm.extra.perf.PAPI_TOT_INS.7965,7598680952198.0
1758240084.8141055,nrm.extra.perf.PAPI_TOT_CYC.7965,44699228582568.0
1758240084.8141055,nrm.extra.perf.PAPI_RES_STL.7965,39127095381193.0
1758240084.8141055,nrm.extra.perf.PAPI_L3_TCM.7965,353929147106.0
1758240085.8127165,nrm.extra.perf.PAPI_L3_TCA.7965,382931967886.0
1758240085.8127165,nrm.extra.perf.PAPI_TOT_INS.7965,7645007944458.0
1758240085.8127165,nrm.extra.perf.PAPI_TOT_CYC.7965,44972462564130.0
1758240085.8127165,nrm.extra.perf.PAPI_RES_STL.7965,39365591302266.0
1758240085.8127165,nrm.extra.perf.PAPI_L3_TCM.7965,356079472374.0
1758240086.813586,nrm.extra.perf.PAPI_L3_TCA.7965,385242694090.0
1758240086.813586,nrm.extra.perf.PAPI_TOT_INS.7965,7691381277876.0
1758240086.813586,nrm.extra.perf.PAPI_TOT_CYC.7965,45246354772898.0
1758240086.813586,nrm.extra.perf.PAPI_RES_STL.7965,39604136316718.0
1758240086.813586,nrm.extra.perf.PAPI_L3_TCM.7965,358230121071.0
1758240087.8120131,nrm.extra.perf.PAPI_L3_TCA.7965,387525663757.0
1758240087.8120131,nrm.extra.perf.PAPI_TOT_INS.7965,7737559390661.0
1758240087.8120131,nrm.extra.perf.PAPI_TOT_CYC.7965,45520146817824.0
1758240087.8120131,nrm.extra.perf.PAPI_RES_STL.7965,39839760216135.0
1758240087.8120131,nrm.extra.perf.PAPI_L3_TCM.7965,360349114166.0
1758240088.814787,nrm.extra.perf.PAPI_L3_TCA.7965,389800755116.0
1758240088.814787,nrm.extra.perf.PAPI_TOT_INS.7965,7783882431642.0
1758240088.814787,nrm.extra.perf.PAPI_TOT_CYC.7965,45795266968773.0
1758240088.814787,nrm.extra.perf.PAPI_RES_STL.7965,40075567764512.0
1758240088.814787,nrm.extra.perf.PAPI_L3_TCM.7965,362468258978.0
1758240089.813237,nrm.extra.perf.PAPI_L3_TCA.7965,392117881440.0
1758240089.813237,nrm.extra.perf.PAPI_TOT_INS.7965,7830222254438.0
1758240089.813237,nrm.extra.perf.PAPI_TOT_CYC.7965,46068447289077.0
1758240089.813237,nrm.extra.perf.PAPI_RES_STL.7965,40313972987301.0
1758240089.813237,nrm.extra.perf.PAPI_L3_TCM.7965,364619003933.0
1758240090.8158655,nrm.extra.perf.PAPI_L3_TCA.7965,394436700071.0
1758240090.8158655,nrm.extra.perf.PAPI_TOT_INS.7965,7876608309396.0
1758240090.8158655,nrm.extra.perf.PAPI_TOT_CYC.7965,46342386997952.0
1758240090.8158655,nrm.extra.perf.PAPI_RES_STL.7965,40553487449344.0
1758240090.8158655,nrm.extra.perf.PAPI_L3_TCM.7965,366781470766.0
1758240091.8130434,nrm.extra.perf.PAPI_L3_TCA.7965,396788226425.0
1758240091.8130434,nrm.extra.perf.PAPI_TOT_INS.7965,7923071805816.0
1758240091.8130434,nrm.extra.perf.PAPI_TOT_CYC.7965,46614426943880.0
1758240091.8130434,nrm.extra.perf.PAPI_RES_STL.7965,40794140231036.0
1758240091.8130434,nrm.extra.perf.PAPI_L3_TCM.7965,368960021260.0
1758240092.814037,nrm.extra.perf.PAPI_L3_TCA.7965,399132969276.0
1758240092.814037,nrm.extra.perf.PAPI_TOT_INS.7965,7969555214767.0
1758240092.814037,nrm.extra.perf.PAPI_TOT_CYC.7965,46887173187418.0
1758240092.814037,nrm.extra.perf.PAPI_RES_STL.7965,41034992575723.0
1758240092.814037,nrm.extra.perf.PAPI_L3_TCM.7965,371142926711.0
1758240093.8124795,nrm.extra.perf.PAPI_L3_TCA.7965,401483196940.0
1758240093.8124795,nrm.extra.perf.PAPI_TOT_INS.7965,8015983208428.0
1758240093.8124795,nrm.extra.perf.PAPI_TOT_CYC.7965,47159428310640.0
1758240093.8124795,nrm.extra.perf.PAPI_RES_STL.7965,41276035548288.0
1758240093.8124795,nrm.extra.perf.PAPI_L3_TCM.7965,373325556518.0
1758240094.814948,nrm.extra.perf.PAPI_L3_TCA.7965,403775749212.0
1758240094.814948,nrm.extra.perf.PAPI_TOT_INS.7965,8062315585232.0
1758240094.814948,nrm.extra.perf.PAPI_TOT_CYC.7965,47433415584915.0
1758240094.814948,nrm.extra.perf.PAPI_RES_STL.7965,41513115465234.0
1758240094.814948,nrm.extra.perf.PAPI_L3_TCM.7965,375464596006.0
1758240095.8132498,nrm.extra.perf.PAPI_L3_TCA.7965,406084451143.0
1758240095.8132498,nrm.extra.perf.PAPI_TOT_INS.7965,8108418392397.0
1758240095.8132498,nrm.extra.perf.PAPI_TOT_CYC.7965,47703820644809.0
1758240095.8132498,nrm.extra.perf.PAPI_RES_STL.7965,41749210076928.0
1758240095.8132498,nrm.extra.perf.PAPI_L3_TCM.7965,377604240347.0
1758240096.8162396,nrm.extra.perf.PAPI_L3_TCA.7965,408414216223.0
1758240096.8162396,nrm.extra.perf.PAPI_TOT_INS.7965,8154834575640.0
1758240096.8162396,nrm.extra.perf.PAPI_TOT_CYC.7965,47977133298330.0
1758240096.8162396,nrm.extra.perf.PAPI_RES_STL.7965,41989349678561.0
1758240096.8162396,nrm.extra.perf.PAPI_L3_TCM.7965,379778868757.0
1758240097.8119242,nrm.extra.perf.PAPI_L3_TCA.7965,410703850945.0
1758240097.8119242,nrm.extra.perf.PAPI_TOT_INS.7965,8201006656849.0
1758240097.8119242,nrm.extra.perf.PAPI_TOT_CYC.7965,48250367434965.0
1758240097.8119242,nrm.extra.perf.PAPI_RES_STL.7965,42224997298776.0
1758240097.8119242,nrm.extra.perf.PAPI_L3_TCM.7965,381898073756.0
1758240098.8145707,nrm.extra.perf.PAPI_L3_TCA.7965,413003584555.0
1758240098.8145707,nrm.extra.perf.PAPI_TOT_INS.7965,8247383769048.0
1758240098.8145707,nrm.extra.perf.PAPI_TOT_CYC.7965,48524847731514.0
1758240098.8145707,nrm.extra.perf.PAPI_RES_STL.7965,42462730184907.0
1758240098.8145707,nrm.extra.perf.PAPI_L3_TCM.7965,384040957385.0
1758240099.8148706,nrm.extra.perf.PAPI_L3_TCA.7965,415344288793.0
1758240099.8148706,nrm.extra.perf.PAPI_TOT_INS.7965,8293854333642.0
1758240099.8148706,nrm.extra.perf.PAPI_TOT_CYC.7965,48797398089462.0
1758240099.8148706,nrm.extra.perf.PAPI_RES_STL.7965,42703228336408.0
1758240099.8148706,nrm.extra.perf.PAPI_L3_TCM.7965,386219581000.0
1758240100.8151493,nrm.extra.perf.PAPI_L3_TCA.7965,417647459494.0
1758240100.8151493,nrm.extra.perf.PAPI_TOT_INS.7965,8340218556895.0
1758240100.8151493,nrm.extra.perf.PAPI_TOT_CYC.7965,49071389678451.0
1758240100.8151493,nrm.extra.perf.PAPI_RES_STL.7965,42940639876133.0
1758240100.8151493,nrm.extra.perf.PAPI_L3_TCM.7965,388358651958.0
1758240101.816302,nrm.extra.perf.PAPI_L3_TCA.7965,419982347945.0
1758240101.816302,nrm.extra.perf.PAPI_TOT_INS.7965,8386633698954.0
1758240101.816302,nrm.extra.perf.PAPI_TOT_CYC.7965,49344758440061.0
1758240101.816302,nrm.extra.perf.PAPI_RES_STL.7965,43181178458419.0
1758240101.816302,nrm.extra.perf.PAPI_L3_TCM.7965,390532984514.0
1758240102.174349,nrm.extra.perf.PAPI_L3_TCA.7965,420707356827.0
1758240102.174349,nrm.extra.perf.PAPI_TOT_INS.7965,8400964772135.0
1758240102.174349,nrm.extra.perf.PAPI_TOT_CYC.7965,49428535335931.0
1758240102.174349,nrm.extra.perf.PAPI_RES_STL.7965,43254776883972.0
1758240102.174349,nrm.extra.perf.PAPI_L3_TCM.7965,391198303837.0
