time,value
1775107142.1574612,3.0
1775107142.168065,3.0
1775107142.178759,3.0
1775107142.1892056,3.0
1775107142.1996353,3.0
1775107142.210112,3.0
1775107142.2205527,3.0
1775107142.2310264,3.0
1775107142.2414584,3.0
1775107142.2518873,3.0
1775107142.2623277,3.0
1775107142.272759,3.0
1775107142.2832015,3.0
1775107142.2936223,3.0
1775107142.304048,3.0
1775107142.314453,3.0
1775107142.324874,3.0
1775107142.3353043,3.0
1775107142.345723,3.0
1775107142.3561492,3.0
1775107142.3665843,3.0
1775107142.377001,3.0
1775107142.3874114,3.0
1775107142.3978274,3.0
1775107142.4082432,3.0
1775107142.4187899,3.0
1775107142.4292212,3.0
1775107142.4396398,3.0
1775107142.450229,3.0
1775107142.460632,3.0
1775107142.4710596,3.0
1775107142.481469,3.0
1775107142.4919314,3.0
1775107142.5023317,3.0
1775107142.5127246,3.0
1775107142.5231853,3.0
1775107142.5335846,3.0
1775107142.544051,3.0
1775107142.554459,3.0
1775107142.5648966,3.0
1775107142.5753088,3.0
1775107142.5857058,3.0
1775107142.596124,3.0
1775107142.6065207,3.0
1775107142.6169343,3.0
1775107142.6273465,3.0
1775107142.637743,3.0
1775107142.648151,3.0
1775107142.6585531,3.0
1775107142.6689613,3.0
1775107142.6793613,3.0
1775107142.689774,3.0
1775107142.7001846,3.0
1775107142.7105842,3.0
1775107142.720996,3.0
1775107142.7314067,3.0
1775107142.7418025,3.0
1775107142.7522278,3.0
1775107142.7626874,3.0
1775107142.7730992,3.0
1775107142.7835035,3.0
1775107142.7939088,3.0
1775107142.8043044,3.0
1775107142.8147132,3.0
1775107142.8251326,3.0
1775107142.8355372,3.0
1775107142.8459413,3.0
1775107142.8563557,3.0
1775107142.8667643,3.0
1775107142.8771927,3.0
1775107142.887576,3.0
1775107142.8979602,3.0
1775107142.9083724,3.0
1775107142.9187677,3.0
1775107142.9291785,3.0
1775107142.9395795,3.0
1775107142.9499862,3.0
1775107142.9603767,3.0
1775107142.9707963,3.0
1775107142.9812052,3.0
1775107142.9916024,3.0
1775107143.0020857,3.0
1775107143.0124764,3.0
1775107143.0228722,3.0
1775107143.0332892,3.0
1775107143.0436873,3.0
1775107143.0541294,3.0
1775107143.0646074,3.0
1775107143.0750217,3.0
1775107143.085406,3.0
1775107143.0958045,3.0
1775107143.1072917,3.0
1775107143.1216497,2.0
1775107143.1322012,1.0
1775107143.1426606,3.0
1775107143.1530776,3.0
1775107143.1634758,3.0
1775107143.1738842,3.0
1775107143.1843102,3.0
1775107143.19474,3.0
1775107143.2051456,3.0
1775107143.215543,3.0
1775107143.225946,3.0
1775107143.2363336,3.0
1775107143.246739,3.0
1775107143.2571206,3.0
1775107143.2675006,3.0
1775107143.2778916,3.0
1775107143.2882748,3.0
1775107143.2987504,3.0
1775107143.3091505,3.0
1775107143.319524,3.0
1775107143.3299103,3.0
1775107143.3402963,3.0
1775107143.3507323,3.0
1775107143.3612075,3.0
1775107143.3715878,3.0
1775107143.3820262,3.0
1775107143.392434,3.0
1775107143.4028704,3.0
1775107143.4133387,3.0
1775107143.4237182,3.0
1775107143.434151,3.0
1775107143.4445472,3.0
1775107143.4549992,3.0
1775107143.4654047,3.0
1775107143.4758642,3.0
1775107143.4862883,3.0
1775107143.4967213,3.0
1775107143.5071292,3.0
1775107143.5175178,3.0
1775107143.5279372,3.0
1775107143.5383878,3.0
1775107143.5487757,3.0
1775107143.5591795,3.0
1775107143.5695915,3.0
1775107143.5799878,3.0
1775107143.5903943,3.0
1775107143.6007829,3.0
1775107143.6111863,3.0
1775107143.621601,3.0
1775107143.6319997,3.0
1775107143.6424057,3.0
1775107143.6528058,3.0
1775107143.6632202,3.0
1775107143.6736183,3.0
1775107143.6840148,3.0
1775107143.694423,3.0
1775107143.7048204,3.0
1775107143.7152355,3.0
1775107143.7256246,3.0
1775107143.7360458,3.0
1775107143.7464523,3.0
1775107143.7568588,3.0
1775107143.7672482,3.0
1775107143.777641,3.0
1775107143.7880569,3.0
1775107143.7984693,3.0
1775107143.8088634,3.0
1775107143.8192732,3.0
1775107143.829663,3.0
1775107143.840074,3.0
1775107143.850503,3.0
1775107143.86091,3.0
1775107143.8713715,3.0
1775107143.881759,3.0
1775107143.8921587,3.0
1775107143.902568,3.0
1775107143.9130025,3.0
1775107143.9234116,3.0
1775107143.933809,3.0
1775107143.94428,3.0
1775107143.9546952,3.0
1775107143.9650953,3.0
1775107143.9754844,3.0
1775107143.9858963,3.0
1775107143.9962857,3.0
1775107144.0066993,3.0
1775107144.0171175,3.0
1775107144.0275526,3.0
1775107144.0379612,3.0
1775107144.048354,3.0
1775107144.058764,3.0
1775107144.0692577,3.0
1775107144.0796573,3.0
1775107144.0900774,3.0
1775107144.1004844,3.0
1775107144.1118875,3.0
1775107144.1243675,1.0
1775107144.136649,1.0
1775107144.1470342,3.0
1775107144.1574302,3.0
1775107144.1678264,3.0
1775107144.1782467,3.0
1775107144.1886415,3.0
1775107144.199046,3.0
1775107144.209454,3.0
1775107144.2198553,3.0
1775107144.230265,3.0
1775107144.2408586,3.0
1775107144.2525914,3.0
1775107144.2648585,3.0
1775107144.279008,3.0
1775107144.2926257,3.0
1775107144.306222,3.0
1775107144.3192685,3.0
1775107144.3322527,3.0
1775107144.345199,3.0
1775107144.358533,3.0
1775107144.372191,3.0
1775107144.385675,3.0
1775107144.3986988,3.0
1775107144.4121554,3.0
1775107144.4248674,3.0
1775107144.4375453,3.0
1775107144.4504642,3.0
1775107144.463052,3.0
1775107144.4756012,3.0
1775107144.4882486,3.0
1775107144.500804,3.0
1775107144.5133686,3.0
1775107144.5259268,3.0
1775107144.5386367,3.0
1775107144.5512471,3.0
1775107144.563997,3.0
1775107144.5765884,3.0
1775107144.589234,3.0
1775107144.6018312,3.0
1775107144.6144524,3.0
1775107144.627068,3.0
1775107144.6396775,3.0
1775107144.6522858,3.0
1775107144.6648767,3.0
1775107144.6775005,3.0
1775107144.6901166,3.0
1775107144.7027168,3.0
1775107144.715317,3.0
1775107144.727881,3.0
1775107144.7404742,3.0
1775107144.7531319,3.0
1775107144.7657208,3.0
1775107144.7783146,3.0
1775107144.7909136,3.0
1775107144.803512,3.0
1775107144.8161058,3.0
1775107144.8286903,3.0
1775107144.841267,3.0
1775107144.8538423,3.0
1775107144.8663821,3.0
1775107144.8789632,3.0
1775107144.8915532,3.0
1775107144.904094,3.0
1775107144.9166808,3.0
1775107144.9292607,3.0
1775107144.9418323,3.0
1775107144.954467,3.0
1775107144.967015,3.0
1775107144.9795508,3.0
1775107144.992137,3.0
1775107145.0047224,3.0
1775107145.0172932,3.0
1775107145.0298505,3.0
1775107145.0424666,3.0
1775107145.0550141,3.0
1775107145.0675907,3.0
1775107145.080237,3.0
1775107145.092807,3.0
1775107145.1053932,3.0
1775107145.119018,3.0
1775107145.1310196,2.0
1775107145.143413,3.0
1775107145.1559649,3.0
1775107145.1685624,3.0
1775107145.1811488,3.0
1775107145.1937163,3.0
1775107145.206312,3.0
1775107145.218895,3.0
1775107145.2314672,3.0
1775107145.2440445,3.0
1775107145.2566679,3.0
1775107145.2692575,3.0
1775107145.281852,3.0
1775107145.2944922,3.0
1775107145.3070734,3.0
1775107145.3196504,3.0
1775107145.332271,3.0
1775107145.3448071,3.0
1775107145.357405,3.0
1775107145.3700032,3.0
1775107145.382557,3.0
1775107145.395169,3.0
1775107145.4077408,3.0
1775107145.420513,3.0
1775107145.433095,3.0
1775107145.4456394,3.0
1775107145.4583025,3.0
1775107145.4708314,3.0
1775107145.483372,3.0
1775107145.4959414,3.0
1775107145.5085514,3.0
1775107145.5211463,3.0
1775107145.5337079,3.0
1775107145.5462804,3.0
1775107145.5588918,3.0
1775107145.5714424,3.0
1775107145.5840213,3.0
1775107145.5966227,3.0
1775107145.6092873,3.0
1775107145.6218388,3.0
1775107145.6344259,3.0
1775107145.6469939,3.0
1775107145.659627,3.0
1775107145.672199,3.0
1775107145.6848059,3.0
1775107145.6973708,3.0
1775107145.709922,3.0
1775107145.722561,3.0
1775107145.7351072,3.0
1775107145.7476869,3.0
1775107145.7602866,3.0
1775107145.7728586,3.0
1775107145.7854402,3.0
1775107145.7980425,3.0
1775107145.81059,3.0
1775107145.8231997,3.0
1775107145.8357766,3.0
1775107145.848368,3.0
1775107145.8609648,3.0
1775107145.873562,3.0
1775107145.8861485,3.0
1775107145.898732,3.0
1775107145.9112945,3.0
1775107145.9238575,3.0
1775107145.936463,3.0
1775107145.9490592,3.0
1775107145.961653,3.0
1775107145.9742444,3.0
1775107145.9868026,3.0
1775107145.9993653,3.0
1775107146.0119412,3.0
1775107146.0245311,3.0
1775107146.0373123,3.0
1775107146.0498705,3.0
1775107146.0627804,3.0
1775107146.0750234,3.0
1775107146.0868745,3.0
1775107146.0985923,3.0
1775107146.1113055,3.0
1775107146.1239042,3.0
1775107146.1355603,3.0
1775107146.1472888,3.0
1775107146.159061,3.0
1775107146.171275,3.0
1775107146.1829932,3.0
1775107146.1947026,3.0
1775107146.2064369,3.0
1775107146.2181659,3.0
1775107146.2298708,3.0
1775107146.241561,3.0
1775107146.2532775,3.0
1775107146.2651005,3.0
1775107146.2767997,3.0
1775107146.2885103,3.0
1775107146.3002107,3.0
1775107146.311928,3.0
1775107146.323628,3.0
1775107146.3353477,3.0
1775107146.3470597,3.0
1775107146.3587945,3.0
1775107146.3705096,3.0
1775107146.3822737,3.0
1775107146.3940132,3.0
1775107146.4057605,3.0
1775107146.417629,3.0
1775107146.4293666,3.0
1775107146.4411,3.0
1775107146.453032,3.0
1775107146.4648986,3.0
1775107146.4766264,3.0
1775107146.4884536,3.0
1775107146.5001698,3.0
1775107146.5119243,3.0
1775107146.5236864,3.0
1775107146.5354452,3.0
1775107146.547177,3.0
1775107146.5588841,3.0
1775107146.5706637,3.0
1775107146.5824332,3.0
1775107146.5941622,3.0
1775107146.605872,3.0
1775107146.6176481,3.0
1775107146.629379,3.0
1775107146.6411324,3.0
1775107146.6529477,3.0
1775107146.6647272,3.0
1775107146.676473,3.0
1775107146.6882138,3.0
1775107146.700008,3.0
1775107146.7117205,3.0
1775107146.7234867,3.0
1775107146.735212,3.0
1775107146.7469742,3.0
1775107146.7586627,3.0
1775107146.770457,3.0
1775107146.7821777,3.0
1775107146.7939079,3.0
1775107146.8056417,3.0
1775107146.8174162,3.0
1775107146.829143,3.0
1775107146.8408678,3.0
1775107146.8526003,3.0
1775107146.8643272,3.0
1775107146.8760605,3.0
1775107146.887774,3.0
1775107146.899505,3.0
1775107146.9112384,3.0
1775107146.9229734,3.0
1775107146.9347956,3.0
1775107146.946562,3.0
1775107146.958298,3.0
1775107146.9700446,3.0
1775107146.9817674,3.0
1775107146.9935536,3.0
1775107147.0053005,3.0
1775107147.0170293,3.0
1775107147.028881,3.0
1775107147.040607,3.0
1775107147.0523155,3.0
1775107147.0641475,3.0
1775107147.0758743,3.0
1775107147.0875747,3.0
1775107147.0993013,3.0
1775107147.1124337,3.0
1775107147.1246815,3.0
1775107147.136415,3.0
1775107147.148146,3.0
1775107147.1598673,3.0
1775107147.171584,3.0
1775107147.1832848,3.0
1775107147.1950264,3.0
1775107147.206762,3.0
1775107147.2184863,3.0
1775107147.2301948,3.0
1775107147.2419171,3.0
1775107147.2536702,3.0
1775107147.2654006,3.0
1775107147.277168,3.0
1775107147.2889078,3.0
1775107147.3006616,3.0
1775107147.3123944,3.0
1775107147.3241067,3.0
1775107147.3358247,3.0
1775107147.3476005,3.0
1775107147.3593457,3.0
1775107147.3711576,3.0
1775107147.3828573,3.0
1775107147.3945827,3.0
1775107147.406315,3.0
1775107147.4181793,3.0
1775107147.4299457,3.0
1775107147.4417305,3.0
1775107147.4536602,3.0
1775107147.4653835,3.0
1775107147.4770932,3.0
1775107147.488921,3.0
1775107147.5006177,3.0
1775107147.5123434,3.0
1775107147.5240865,3.0
1775107147.535795,3.0
1775107147.547558,3.0
1775107147.5592973,3.0
1775107147.5710166,3.0
1775107147.5827463,3.0
1775107147.5944593,3.0
1775107147.6062152,3.0
1775107147.617936,3.0
1775107147.6296694,3.0
1775107147.6414037,3.0
1775107147.653127,3.0
1775107147.66485,3.0
1775107147.6766088,3.0
1775107147.6883662,3.0
1775107147.7001247,3.0
1775107147.711867,3.0
1775107147.723616,3.0
1775107147.735379,3.0
1775107147.7471206,3.0
1775107147.7589366,3.0
1775107147.7706811,3.0
1775107147.7824209,3.0
1775107147.7941554,3.0
1775107147.8058527,3.0
1775107147.8175924,3.0
1775107147.8293009,3.0
1775107147.841039,3.0
1775107147.8527546,3.0
1775107147.8644724,3.0
1775107147.8762257,3.0
1775107147.8879747,3.0
1775107147.8997064,3.0
1775107147.9114382,3.0
1775107147.9231355,3.0
1775107147.9348216,3.0
1775107147.946551,3.0
1775107147.958278,3.0
1775107147.9699886,3.0
1775107147.981699,3.0
1775107147.9933786,3.0
1775107148.0050848,3.0
1775107148.0167491,3.0
1775107148.0285404,3.0
1775107148.0402708,3.0
1775107148.0520067,3.0
1775107148.0637732,3.0
1775107148.0755994,3.0
1775107148.0873444,3.0
1775107148.0990467,3.0
1775107148.1119144,3.0
1775107148.124678,3.0
1775107148.1365292,3.0
1775107148.148278,3.0
1775107148.1600049,3.0
1775107148.1717067,3.0
1775107148.1834195,3.0
1775107148.195186,3.0
1775107148.2068708,3.0
1775107148.2192287,3.0
1775107148.230995,3.0
1775107148.2427244,3.0
1775107148.2544699,3.0
1775107148.2661912,3.0
1775107148.2779653,3.0
1775107148.2896464,3.0
1775107148.3013573,3.0
1775107148.3130987,3.0
1775107148.3248591,3.0
1775107148.3365738,3.0
1775107148.3483326,3.0
1775107148.360084,3.0
1775107148.3718114,3.0
1775107148.383539,3.0
1775107148.3952878,3.0
1775107148.4069803,3.0
1775107148.4188604,3.0
1775107148.430579,3.0
1775107148.4423366,3.0
1775107148.454337,3.0
1775107148.466116,3.0
1775107148.4779599,3.0
1775107148.489872,3.0
1775107148.5016732,3.0
1775107148.51358,3.0
1775107148.525427,3.0
1775107148.5372198,3.0
1775107148.549051,3.0
1775107148.5608547,3.0
1775107148.5726974,3.0
1775107148.58449,3.0
1775107148.5962791,3.0
1775107148.6080985,3.0
1775107148.6199253,3.0
1775107148.6317046,3.0
1775107148.6437647,3.0
1775107148.655486,3.0
1775107148.6672044,3.0
1775107148.6789103,3.0
1775107148.690665,3.0
1775107148.7024124,3.0
1775107148.7143009,3.0
1775107148.7262263,3.0
1775107148.7381744,3.0
1775107148.7500515,3.0
1775107148.7620096,3.0
1775107148.7737706,3.0
1775107148.785552,3.0
1775107148.7973728,3.0
1775107148.8091989,3.0
1775107148.8209975,3.0
1775107148.8327823,3.0
1775107148.8447025,3.0
1775107148.856623,3.0
1775107148.8685741,3.0
1775107148.8803487,3.0
1775107148.8923163,3.0
1775107148.904197,3.0
1775107148.9161692,3.0
1775107148.9281116,3.0
1775107148.9400423,3.0
1775107148.95194,3.0
1775107148.9638703,3.0
1775107148.975781,3.0
1775107148.987734,3.0
1775107148.999813,3.0
1775107149.0116653,3.0
1775107149.0236094,3.0
1775107149.0355465,3.0
1775107149.0475266,3.0
1775107149.0594294,3.0
1775107149.0713224,3.0
1775107149.0831316,3.0
1775107149.0950377,3.0
1775107149.1074586,3.0
1775107149.1295068,3.0
1775107149.1432843,1.0
1775107149.154766,3.0
1775107149.1663973,3.0
1775107149.1781256,3.0
1775107149.189844,3.0
1775107149.2015636,3.0
1775107149.213315,3.0
1775107149.2250412,3.0
1775107149.2367632,3.0
1775107149.248493,3.0
1775107149.260231,3.0
1775107149.271968,3.0
1775107149.283685,3.0
1775107149.2954001,3.0
1775107149.3071136,3.0
1775107149.318828,3.0
1775107149.3305883,3.0
1775107149.3423173,3.0
1775107149.3540218,3.0
1775107149.365725,3.0
1775107149.377457,3.0
1775107149.3891943,3.0
1775107149.4009175,3.0
1775107149.4130151,3.0
1775107149.424688,3.0
1775107149.436439,3.0
1775107149.4481754,3.0
1775107149.460066,3.0
1775107149.4718068,3.0
1775107149.483501,3.0
1775107149.4953,3.0
1775107149.507012,3.0
1775107149.5187619,3.0
1775107149.530492,3.0
1775107149.5424135,3.0
1775107149.554109,3.0
1775107149.565818,3.0
1775107149.5775464,3.0
1775107149.5893376,3.0
1775107149.601058,3.0
1775107149.612815,3.0
1775107149.6246696,3.0
1775107149.636392,3.0
1775107149.6481895,3.0
1775107149.6599095,3.0
1775107149.6716585,3.0
1775107149.6834798,3.0
1775107149.6951938,3.0
1775107149.706915,3.0
1775107149.718635,3.0
1775107149.7303529,3.0
1775107149.742065,3.0
1775107149.753775,3.0
1775107149.7655,3.0
1775107149.777215,3.0
1775107149.7888951,3.0
1775107149.8007014,3.0
1775107149.8124387,3.0
1775107149.8241682,3.0
1775107149.8359125,3.0
1775107149.847636,3.0
1775107149.8593836,3.0
1775107149.8710694,3.0
1775107149.8827934,3.0
1775107149.894506,3.0
1775107149.9062233,3.0
1775107149.9179595,3.0
1775107149.9296734,3.0
1775107149.941458,3.0
1775107149.9531677,3.0
1775107149.9648855,3.0
1775107149.976609,3.0
1775107149.9883468,3.0
1775107150.00003,3.0
1775107150.0117064,3.0
1775107150.0234196,3.0
1775107150.0351403,3.0
1775107150.046863,3.0
1775107150.0585651,3.0
1775107150.070456,3.0
1775107150.082275,3.0
1775107150.0941913,3.0
1775107150.1073892,3.0
1775107150.1190143,3.0
1775107150.13091,3.0
1775107150.1453424,1.0
1775107150.1593812,1.0
1775107150.170756,3.0
1775107150.1825118,3.0
1775107150.1944585,3.0
1775107150.2063272,3.0
1775107150.2183018,3.0
1775107150.2301936,3.0
1775107150.2420578,3.0
1775107150.2540298,3.0
1775107150.266454,3.0
1775107150.2782493,3.0
1775107150.2900867,3.0
1775107150.3019228,3.0
1775107150.3137898,3.0
1775107150.325688,3.0
1775107150.3374715,3.0
1775107150.3493204,3.0
1775107150.3611166,3.0
1775107150.3729184,3.0
1775107150.3847368,3.0
1775107150.3965533,3.0
1775107150.4083838,3.0
1775107150.420289,3.0
1775107150.4320915,3.0
1775107150.4439304,3.0
1775107150.4558241,3.0
1775107150.4676359,3.0
1775107150.479434,3.0
1775107150.4915113,3.0
1775107150.503337,3.0
1775107150.515166,3.0
1775107150.5269928,3.0
1775107150.5388017,3.0
1775107150.550629,3.0
1775107150.5624638,3.0
1775107150.57432,3.0
1775107150.5861073,3.0
1775107150.5979135,3.0
1775107150.609691,3.0
1775107150.6214974,3.0
1775107150.6332808,3.0
1775107150.6450756,3.0
1775107150.656851,3.0
1775107150.6686652,3.0
1775107150.6804597,3.0
1775107150.692254,3.0
1775107150.7040567,3.0
1775107150.715899,3.0
1775107150.727702,3.0
1775107150.7394798,3.0
1775107150.7512772,3.0
1775107150.7630394,3.0
1775107150.7748525,3.0
1775107150.786745,3.0
1775107150.798541,3.0
1775107150.8103688,3.0
1775107150.8221664,3.0
1775107150.8339434,3.0
1775107150.845767,3.0
1775107150.85754,3.0
1775107150.8693511,3.0
1775107150.8811686,3.0
1775107150.8929858,3.0
1775107150.9047837,3.0
1775107150.9165761,3.0
1775107150.9283724,3.0
1775107150.9401648,3.0
1775107150.951974,3.0
1775107150.9637983,3.0
1775107150.9756186,3.0
1775107150.987396,3.0
1775107150.9993284,3.0
1775107151.011101,3.0
1775107151.022911,3.0
1775107151.0346923,3.0
1775107151.0464883,3.0
1775107151.058266,3.0
1775107151.070086,3.0
1775107151.0818872,3.0
1775107151.0937421,3.0
1775107151.1055334,3.0
1775107151.1182194,3.0
1775107151.1299896,3.0
1775107151.141776,3.0
1775107151.1536,3.0
1775107151.1654203,3.0
1775107151.1771965,3.0
1775107151.1889973,3.0
1775107151.2007892,3.0
1775107151.2126315,3.0
1775107151.2245274,3.0
1775107151.2363834,3.0
1775107151.2481737,3.0
1775107151.2600167,3.0
1775107151.271799,3.0
1775107151.2835793,3.0
1775107151.2953525,3.0
1775107151.3071632,3.0
1775107151.3189695,3.0
1775107151.3307443,3.0
1775107151.342587,3.0
1775107151.355851,3.0
1775107151.3677988,3.0
1775107151.3796287,3.0
1775107151.391431,3.0
1775107151.4032848,3.0
1775107151.415367,3.0
1775107151.4272583,3.0
1775107151.4391048,3.0
1775107151.451046,3.0
1775107151.462852,3.0
1775107151.4746995,3.0
1775107151.4866915,3.0
1775107151.4984806,3.0
1775107151.5103717,3.0
1775107151.5222242,3.0
1775107151.534047,3.0
1775107151.5458896,3.0
1775107151.5577466,3.0
1775107151.5696073,3.0
1775107151.581434,3.0
1775107151.5932496,3.0
1775107151.6050909,3.0
1775107151.6169188,3.0
1775107151.6287732,3.0
1775107151.6406078,3.0
1775107151.6524427,3.0
1775107151.664294,3.0
1775107151.6761672,3.0
1775107151.6880074,3.0
1775107151.6998425,3.0
1775107151.7116888,3.0
1775107151.7236333,3.0
1775107151.7354794,3.0
1775107151.7474637,3.0
1775107151.7592244,3.0
1775107151.771079,3.0
1775107151.7828631,3.0
1775107151.7946498,3.0
1775107151.8064702,3.0
1775107151.8183496,3.0
1775107151.830178,3.0
1775107151.8420467,3.0
1775107151.853838,3.0
1775107151.8657064,3.0
1775107151.8774939,3.0
1775107151.889305,3.0
1775107151.9010832,3.0
1775107151.9128726,3.0
1775107151.9247293,3.0
1775107151.9365444,3.0
1775107151.9483397,3.0
1775107151.960136,3.0
1775107151.9719465,3.0
1775107151.9837708,3.0
1775107151.995616,3.0
1775107152.0074303,3.0
1775107152.019255,3.0
1775107152.0311196,3.0
1775107152.0435379,3.0
1775107152.055379,3.0
1775107152.067308,3.0
1775107152.0791152,3.0
1775107152.0908644,3.0
1775107152.1028733,3.0
1775107152.1155117,3.0
1775107152.1273413,3.0
1775107152.1391885,3.0
1775107152.1510227,3.0
1775107152.1628764,3.0
1775107152.1747267,3.0
1775107152.1865458,3.0
1775107152.19839,3.0
1775107152.2102256,3.0
1775107152.2220502,3.0
1775107152.2338963,3.0
1775107152.2457373,3.0
1775107152.2576077,3.0
1775107152.269487,3.0
1775107152.2813072,3.0
1775107152.293117,3.0
1775107152.304979,3.0
1775107152.3173344,3.0
1775107152.3291767,3.0
1775107152.3409772,3.0
1775107152.3528342,3.0
1775107152.364684,3.0
1775107152.3765442,3.0
1775107152.3883717,3.0
1775107152.4002757,3.0
1775107152.4122684,3.0
1775107152.4241912,3.0
1775107152.4360702,3.0
1775107152.4479635,3.0
1775107152.4598649,3.0
1775107152.4717598,3.0
1775107152.4835968,3.0
1775107152.495554,3.0
1775107152.507398,3.0
1775107152.5191789,3.0
1775107152.5310304,3.0
1775107152.5428522,3.0
1775107152.5547202,3.0
1775107152.566627,3.0
1775107152.578451,3.0
1775107152.5903242,3.0
1775107152.6021647,3.0
1775107152.6140835,3.0
1775107152.6259093,3.0
1775107152.637743,3.0
1775107152.6495945,3.0
1775107152.661437,3.0
1775107152.673335,3.0
1775107152.6851707,3.0
1775107152.696992,3.0
1775107152.708825,3.0
1775107152.720676,3.0
1775107152.7325008,3.0
1775107152.7442787,3.0
1775107152.7560859,3.0
1775107152.7679067,3.0
1775107152.7797592,3.0
1775107152.7915955,3.0
1775107152.8034747,3.0
1775107152.815316,3.0
1775107152.8271866,3.0
1775107152.8390064,3.0
1775107152.8508315,3.0
1775107152.8627534,3.0
1775107152.8745973,3.0
1775107152.8864255,3.0
1775107152.898266,3.0
1775107152.9100757,3.0
1775107152.9219015,3.0
1775107152.9337206,3.0
1775107152.9456046,3.0
1775107152.957436,3.0
1775107152.969266,3.0
1775107152.981171,3.0
1775107152.993013,3.0
1775107153.004877,3.0
1775107153.0167887,3.0
1775107153.0286236,3.0
1775107153.040474,3.0
1775107153.0523293,3.0
1775107153.0641897,3.0
1775107153.0760958,3.0
1775107153.0879328,3.0
1775107153.099791,3.0
1775107153.1123886,3.0
1775107153.1242461,3.0
1775107153.1361132,3.0
1775107153.1479464,3.0
1775107153.1597936,3.0
1775107153.1716115,3.0
1775107153.1834762,3.0
1775107153.1953738,3.0
1775107153.2072327,3.0
1775107153.2190804,3.0
1775107153.2309875,3.0
1775107153.2428143,3.0
1775107153.2547278,3.0
1775107153.2665656,3.0
1775107153.2784061,3.0
1775107153.290279,3.0
1775107153.302107,3.0
1775107153.3139372,3.0
1775107153.325807,3.0
1775107153.3382516,3.0
1775107153.3501923,3.0
1775107153.3619983,3.0
1775107153.3737943,3.0
1775107153.385626,3.0
1775107153.397569,3.0
1775107153.409389,3.0
1775107153.421276,3.0
1775107153.4331455,3.0
1775107153.4449925,3.0
1775107153.4568594,3.0
1775107153.4687927,3.0
1775107153.4806242,3.0
1775107153.492473,3.0
1775107153.5042596,3.0
1775107153.516065,3.0
1775107153.5278502,3.0
1775107153.539636,3.0
1775107153.5514405,3.0
1775107153.5632596,3.0
1775107153.5750394,3.0
1775107153.5868459,3.0
1775107153.598614,3.0
1775107153.6104064,3.0
1775107153.6221988,3.0
1775107153.6341352,3.0
1775107153.6459424,3.0
1775107153.657735,3.0
1775107153.669535,3.0
1775107153.6813214,3.0
1775107153.6931229,3.0
1775107153.7048922,3.0
1775107153.7166953,3.0
1775107153.728536,3.0
1775107153.7403674,3.0
1775107153.7521527,3.0
1775107153.7639952,3.0
1775107153.7757812,3.0
1775107153.787585,3.0
1775107153.7993875,3.0
1775107153.811284,3.0
1775107153.8230574,3.0
1775107153.8348715,3.0
1775107153.846677,3.0
1775107153.8585052,3.0
1775107153.8703508,3.0
1775107153.8821146,3.0
1775107153.8939154,3.0
1775107153.9057257,3.0
1775107153.9175024,3.0
1775107153.9293578,3.0
1775107153.9411414,3.0
1775107153.952918,3.0
1775107153.964703,3.0
1775107153.9765508,3.0
1775107153.9884524,3.0
1775107154.0002823,3.0
1775107154.012026,3.0
1775107154.0237808,3.0
1775107154.0355434,3.0
1775107154.0473404,3.0
1775107154.0591586,3.0
1775107154.070895,3.0
1775107154.0826414,3.0
1775107154.0943332,3.0
1775107154.106061,3.0
1775107154.1189616,3.0
1775107154.1306472,3.0
1775107154.142353,3.0
1775107154.1540523,3.0
1775107154.165806,3.0
1775107154.177511,3.0
1775107154.1892314,3.0
1775107154.2009642,3.0
1775107154.2126508,3.0
1775107154.224315,3.0
1775107154.2360313,3.0
1775107154.247697,3.0
1775107154.259372,3.0
1775107154.271074,3.0
1775107154.2827303,3.0
1775107154.2944355,3.0
1775107154.3061326,3.0
1775107154.3177822,3.0
1775107154.3294775,3.0
1775107154.3411481,3.0
1775107154.3528554,3.0
1775107154.365019,3.0
1775107154.376682,3.0
1775107154.3884165,3.0
1775107154.4001157,3.0
1775107154.412417,3.0
1775107154.424067,3.0
1775107154.4357886,3.0
1775107154.447656,3.0
1775107154.4594705,3.0
1775107154.471184,3.0
1775107154.4828722,3.0
1775107154.494637,3.0
1775107154.5063462,3.0
1775107154.5180547,3.0
1775107154.5298414,3.0
1775107154.541552,3.0
1775107154.55324,3.0
1775107154.564911,3.0
1775107154.576745,3.0
1775107154.588462,3.0
1775107154.6001675,3.0
1775107154.611849,3.0
1775107154.6235456,3.0
1775107154.635226,3.0
1775107154.6469374,3.0
1775107154.6586301,3.0
1775107154.6703184,3.0
1775107154.6820066,3.0
1775107154.6936648,3.0
1775107154.705368,3.0
1775107154.7170703,3.0
1775107154.7287385,3.0
1775107154.7404854,3.0
1775107154.7521424,3.0
1775107154.7638621,3.0
1775107154.775553,3.0
1775107154.787243,3.0
1775107154.7989204,3.0
1775107154.810601,3.0
1775107154.8223002,3.0
1775107154.8339927,3.0
1775107154.8456628,3.0
1775107154.8573632,3.0
1775107154.8690548,3.0
1775107154.8807392,3.0
1775107154.89243,3.0
1775107154.9041293,3.0
1775107154.9158182,3.0
1775107154.9275298,3.0
1775107154.9392285,3.0
1775107154.9509234,3.0
1775107154.9626305,3.0
1775107154.9742932,3.0
1775107154.9859865,3.0
1775107154.997798,3.0
1775107155.0094726,3.0
1775107155.0211985,3.0
1775107155.032853,3.0
1775107155.0445042,3.0
1775107155.0561833,3.0
1775107155.067913,3.0
1775107155.079597,3.0
1775107155.0913236,3.0
1775107155.1030374,3.0
1775107155.1161191,3.0
1775107155.12785,3.0
1775107155.139553,3.0
1775107155.1512659,3.0
1775107155.162975,3.0
1775107155.174641,3.0
1775107155.186372,3.0
1775107155.1981373,3.0
1775107155.209856,3.0
1775107155.221558,3.0
1775107155.2332854,3.0
1775107155.244986,3.0
1775107155.2566779,3.0
1775107155.26842,3.0
1775107155.28011,3.0
1775107155.2917988,3.0
1775107155.3035035,3.0
1775107155.3152466,3.0
1775107155.3269143,3.0
1775107155.3386445,3.0
1775107155.3503377,3.0
1775107155.3621068,3.0
1775107155.373819,3.0
1775107155.385633,3.0
1775107155.3973184,3.0
1775107155.4090343,3.0
1775107155.4209206,3.0
1775107155.4326515,3.0
1775107155.4443457,3.0
1775107155.4562106,3.0
1775107155.467879,3.0
1775107155.4795773,3.0
1775107155.4914718,3.0
1775107155.5031474,3.0
1775107155.5148027,3.0
1775107155.526484,3.0
1775107155.5381644,3.0
1775107155.5499704,3.0
1775107155.5616355,3.0
1775107155.5733054,3.0
1775107155.5850012,3.0
1775107155.5966904,3.0
1775107155.6084135,3.0
1775107155.620095,3.0
1775107155.6317456,3.0
1775107155.643438,3.0
1775107155.655104,3.0
1775107155.6667912,3.0
1775107155.678431,3.0
1775107155.690086,3.0
1775107155.7017782,3.0
1775107155.7134318,3.0
1775107155.7251427,3.0
1775107155.736902,3.0
1775107155.748577,3.0
1775107155.7602804,3.0
1775107155.7719703,3.0
1775107155.7836447,3.0
1775107155.7953885,3.0
1775107155.8070235,3.0
1775107155.8187144,3.0
1775107155.830399,3.0
1775107155.8421123,3.0
1775107155.867797,1.0
1775107155.879093,3.0
1775107155.8907344,3.0
1775107155.9024293,3.0
1775107155.9141624,3.0
1775107155.9258795,3.0
1775107155.9375703,3.0
1775107155.949287,3.0
1775107155.9610696,3.0
1775107155.9727442,3.0
1775107155.9844894,3.0
1775107155.9961996,3.0
1775107156.0080032,3.0
1775107156.0196965,3.0
1775107156.0313997,3.0
1775107156.0431247,3.0
1775107156.054849,3.0
1775107156.066789,3.0
1775107156.0789056,3.0
1775107156.0905902,3.0
1775107156.102311,3.0
1775107156.1152792,3.0
1775107156.126988,3.0
1775107156.1386583,3.0
1775107156.1503804,3.0
1775107156.1620715,3.0
1775107156.1737556,3.0
1775107156.185409,3.0
1775107156.1971126,3.0
1775107156.2088308,3.0
1775107156.2205307,3.0
1775107156.2322783,3.0
1775107156.2439377,3.0
1775107156.255705,3.0
1775107156.2673867,3.0
1775107156.2790787,3.0
1775107156.2907803,3.0
1775107156.3024426,3.0
1775107156.314122,3.0
1775107156.3257833,3.0
1775107156.3376055,3.0
1775107156.3492875,3.0
1775107156.3610477,3.0
1775107156.3727198,3.0
1775107156.3843997,3.0
1775107156.396051,3.0
1775107156.4082847,3.0
1775107156.4202056,3.0
1775107156.4319909,3.0
1775107156.4436996,3.0
1775107156.4555228,3.0
1775107156.467266,3.0
1775107156.478946,3.0
1775107156.4907062,3.0
1775107156.50239,3.0
1775107156.5140667,3.0
1775107156.5257812,3.0
1775107156.5374708,3.0
1775107156.5491922,3.0
1775107156.5608714,3.0
1775107156.5725925,3.0
1775107156.5843325,3.0
1775107156.5962095,3.0
1775107156.6079276,3.0
1775107156.6196315,3.0
1775107156.631322,3.0
1775107156.6430602,3.0
1775107156.6547282,3.0
1775107156.6664524,3.0
1775107156.678164,3.0
1775107156.6898463,3.0
1775107156.701531,3.0
1775107156.7132409,3.0
1775107156.7249312,3.0
1775107156.7366354,3.0
1775107156.748354,3.0
1775107156.760231,3.0
1775107156.7719338,3.0
1775107156.7837155,3.0
1775107156.7953854,3.0
1775107156.8070536,3.0
1775107156.8187346,3.0
1775107156.8304372,3.0
1775107156.8421178,3.0
1775107156.8537812,3.0
1775107156.865558,3.0
1775107156.8772604,3.0
1775107156.888976,3.0
1775107156.90066,3.0
1775107156.9123695,3.0
1775107156.9240649,3.0
1775107156.9356778,3.0
1775107156.9474094,3.0
1775107156.9590964,3.0
1775107156.9707618,3.0
1775107156.9824867,3.0
1775107156.9941714,3.0
1775107157.0058408,3.0
1775107157.0175412,3.0
1775107157.0294194,3.0
1775107157.0411277,3.0
1775107157.0528765,3.0
1775107157.0646188,3.0
1775107157.0763023,3.0
1775107157.0879846,3.0
1775107157.0996692,3.0
1775107157.1123102,3.0
1775107157.124308,3.0
1775107157.136,3.0
1775107157.1477337,3.0
1775107157.1594064,3.0
1775107157.171133,3.0
1775107157.182833,3.0
1775107157.194524,3.0
1775107157.2062137,3.0
1775107157.2179127,3.0
1775107157.2296917,3.0
1775107157.241385,3.0
1775107157.2531145,3.0
1775107157.2648015,3.0
1775107157.2764974,3.0
1775107157.2881854,3.0
1775107157.299898,3.0
1775107157.31163,3.0
1775107157.323338,3.0
1775107157.335047,3.0
1775107157.3467216,3.0
1775107157.3584301,3.0
1775107157.370282,3.0
1775107157.3820133,3.0
1775107157.393681,3.0
1775107157.405356,3.0
1775107157.4172184,3.0
1775107157.4289002,3.0
1775107157.4406157,3.0
1775107157.4526417,3.0
1775107157.4643464,3.0
1775107157.476063,3.0
1775107157.487814,3.0
1775107157.499469,3.0
1775107157.5111797,3.0
1775107157.5228887,3.0
1775107157.5346136,3.0
1775107157.5463095,3.0
1775107157.5580258,3.0
1775107157.5697036,3.0
1775107157.5813844,3.0
1775107157.5930479,3.0
1775107157.6047683,3.0
1775107157.616472,3.0
1775107157.628185,3.0
1775107157.6399405,3.0
1775107157.651645,3.0
1775107157.6633086,3.0
1775107157.6750426,3.0
1775107157.686758,3.0
1775107157.6984768,3.0
1775107157.7101386,3.0
1775107157.7218668,3.0
1775107157.7336054,3.0
1775107157.7453241,3.0
1775107157.7569833,3.0
1775107157.7686698,3.0
1775107157.7803812,3.0
1775107157.7920735,3.0
1775107157.8037975,3.0
1775107157.8155015,3.0
1775107157.8271933,3.0
1775107157.8388774,3.0
1775107157.850556,3.0
1775107157.8622715,3.0
1775107157.8739176,3.0
1775107157.8856869,3.0
1775107157.8973591,3.0
1775107157.9090636,3.0
1775107157.9207404,3.0
1775107157.9324114,3.0
1775107157.9441118,3.0
1775107157.9558098,3.0
1775107157.967583,3.0
1775107157.979306,3.0
1775107157.9909995,3.0
1775107158.0026798,3.0
1775107158.014401,3.0
1775107158.02606,3.0
1775107158.0377648,3.0
1775107158.0494423,3.0
1775107158.0612254,3.0
1775107158.0731046,3.0
1775107158.084976,3.0
1775107158.09682,3.0
1775107158.1095145,3.0
1775107158.121615,3.0
1775107158.133514,3.0
1775107158.1454685,3.0
1775107158.157411,3.0
1775107158.1693306,3.0
1775107158.1812375,3.0
1775107158.1931653,3.0
1775107158.2049417,3.0
1775107158.21683,3.0
1775107158.22876,3.0
1775107158.2407064,3.0
1775107158.252622,3.0
1775107158.2644885,3.0
1775107158.2762892,3.0
1775107158.288199,3.0
1775107158.3001184,3.0
1775107158.3120255,3.0
1775107158.323915,3.0
1775107158.3358502,3.0
1775107158.3477817,3.0
1775107158.3596556,3.0
1775107158.3715694,3.0
1775107158.383521,3.0
1775107158.3954272,3.0
1775107158.4073126,3.0
1775107158.4194186,3.0
1775107158.4313054,3.0
1775107158.443197,3.0
1775107158.4556866,3.0
1775107158.4675615,3.0
1775107158.4898624,3.0
1775107158.5038292,1.0
1775107158.515279,3.0
1775107158.5270417,3.0
1775107158.5389292,3.0
1775107158.5508738,3.0
1775107158.5627556,3.0
1775107158.5746672,3.0
1775107158.5865815,3.0
1775107158.5984907,3.0
1775107158.6103964,3.0
1775107158.622252,3.0
1775107158.63418,3.0
1775107158.6461177,3.0
1775107158.658023,3.0
1775107158.6699138,3.0
1775107158.6818094,3.0
1775107158.6937146,3.0
1775107158.7056146,3.0
1775107158.7175784,3.0
1775107158.7294474,3.0
1775107158.7412596,3.0
1775107158.7532036,3.0
1775107158.765098,3.0
1775107158.7769277,3.0
1775107158.788835,3.0
1775107158.8006876,3.0
1775107158.812596,3.0
1775107158.8244908,3.0
1775107158.836367,3.0
1775107158.848167,3.0
1775107158.8599381,3.0
1775107158.8716905,3.0
1775107158.883479,3.0
1775107158.8953,3.0
1775107158.9073591,3.0
1775107158.9191675,3.0
1775107158.930979,3.0
1775107158.9427488,3.0
1775107158.954594,3.0
1775107158.9664168,3.0
1775107158.9782124,3.0
1775107158.9900143,3.0
1775107159.0019233,3.0
1775107159.0137165,3.0
1775107159.0254793,3.0
1775107159.037277,3.0
1775107159.049059,3.0
1775107159.0606637,3.0
1775107159.072462,3.0
1775107159.0842512,3.0
1775107159.0960922,3.0
1775107159.1092203,3.0
1775107159.1209223,3.0
1775107159.1327217,3.0
1775107159.144504,3.0
1775107159.1563008,3.0
1775107159.1680853,3.0
1775107159.179846,3.0
1775107159.1916926,3.0
1775107159.2034733,3.0
1775107159.2152658,3.0
1775107159.227042,3.0
1775107159.2388659,3.0
1775107159.2506588,3.0
1775107159.262502,3.0
1775107159.2742803,3.0
1775107159.2860942,3.0
1775107159.2978957,3.0
1775107159.309671,3.0
1775107159.3214931,3.0
1775107159.3332853,3.0
1775107159.3450584,3.0
1775107159.3568635,3.0
1775107159.3686645,3.0
1775107159.3804734,3.0
1775107159.3922744,3.0
1775107159.4040542,3.0
1775107159.416163,3.0
1775107159.428003,3.0
1775107159.4398556,3.0
1775107159.4517915,3.0
1775107159.4635627,3.0
1775107159.4754062,3.0
1775107159.4872682,3.0
1775107159.4990277,3.0
1775107159.510809,3.0
1775107159.5226095,3.0
1775107159.5343926,3.0
1775107159.546215,3.0
1775107159.5580232,3.0
1775107159.5698106,3.0
1775107159.5816123,3.0
1775107159.5933757,3.0
1775107159.6051478,3.0
1775107159.6169484,3.0
1775107159.6285827,3.0
1775107159.6403894,3.0
1775107159.6521814,3.0
1775107159.6640027,3.0
1775107159.6756365,3.0
1775107159.6872761,3.0
1775107159.6990108,3.0
1775107159.7107706,3.0
1775107159.7225702,3.0
1775107159.734406,3.0
1775107159.746177,3.0
1775107159.7580223,3.0
1775107159.769817,3.0
1775107159.781608,3.0
1775107159.7934012,3.0
1775107159.805203,3.0
1775107159.8169641,3.0
1775107159.8287637,3.0
1775107159.8405406,3.0
1775107159.852353,3.0
1775107159.8641176,3.0
1775107159.875915,3.0
1775107159.887672,3.0
1775107159.8994503,3.0
1775107159.9113023,3.0
1775107159.9232533,3.0
1775107159.9350295,3.0
1775107159.9468358,3.0
1775107159.9586194,3.0
1775107159.9704437,3.0
1775107159.9822576,3.0
1775107159.9940908,3.0
1775107160.0059445,3.0
1775107160.0177338,3.0
1775107160.0295036,3.0
1775107160.0413015,3.0
1775107160.053076,3.0
1775107160.0650265,3.0
1775107160.0768614,3.0
1775107160.0886421,3.0
1775107160.1004102,3.0
1775107160.1133287,3.0
1775107160.1250587,3.0
1775107160.1368327,3.0
1775107160.1486318,3.0
1775107160.160409,3.0
1775107160.1721911,3.0
1775107160.1839626,3.0
1775107160.1957884,3.0
1775107160.2075768,3.0
1775107160.2193847,3.0
1775107160.2311733,3.0
1775107160.243011,3.0
1775107160.2548096,3.0
1775107160.266583,3.0
1775107160.2783751,3.0
1775107160.2901566,3.0
1775107160.3019643,3.0
1775107160.3137455,3.0
1775107160.3255215,3.0
1775107160.337306,3.0
1775107160.3491347,3.0
1775107160.3609314,3.0
1775107160.3727353,3.0
1775107160.3845184,3.0
1775107160.3963172,3.0
1775107160.4081767,3.0
1775107160.4203007,3.0
1775107160.4321434,3.0
1775107160.4440253,3.0
1775107160.4559171,3.0
1775107160.4677298,3.0
1775107160.4795618,3.0
1775107160.4914749,3.0
1775107160.5039482,3.0
1775107160.5158231,3.0
1775107160.5278597,3.0
1775107160.5398052,3.0
1775107160.5517285,3.0
1775107160.56368,3.0
1775107160.5755913,3.0
1775107160.5875375,3.0
1775107160.5994375,3.0
1775107160.6112003,3.0
1775107160.623108,3.0
1775107160.6350238,3.0
1775107160.6469383,3.0
1775107160.6588361,3.0
1775107160.6707711,3.0
1775107160.6826937,3.0
1775107160.6944504,3.0
1775107160.7062883,3.0
1775107160.7182245,3.0
1775107160.7301757,3.0
1775107160.742046,3.0
1775107160.7539327,3.0
1775107160.7658517,3.0
1775107160.7777941,3.0
1775107160.789702,3.0
1775107160.801554,3.0
1775107160.81347,3.0
1775107160.8254106,3.0
1775107160.8373218,3.0
1775107160.8492913,3.0
1775107160.8611758,3.0
1775107160.8730595,3.0
1775107160.8849905,3.0
1775107160.8969755,3.0
1775107160.908823,3.0
1775107160.9206827,3.0
1775107160.9326584,3.0
1775107160.9443784,3.0
1775107160.9562783,3.0
1775107160.9682295,3.0
1775107160.980121,3.0
1775107160.992004,3.0
1775107161.0039785,3.0
1775107161.0158756,3.0
1775107161.0277941,3.0
1775107161.03974,3.0
1775107161.0516684,3.0
1775107161.0635808,3.0
1775107161.0755146,3.0
1775107161.0874567,3.0
1775107161.0993524,3.0
1775107161.1122532,3.0
1775107161.1239803,3.0
1775107161.135927,3.0
1775107161.147838,3.0
1775107161.1597192,3.0
1775107161.1716275,3.0
1775107161.1835067,3.0
1775107161.1954386,3.0
1775107161.2073493,3.0
1775107161.2192414,3.0
1775107161.2311795,3.0
1775107161.2430773,3.0
1775107161.2549975,3.0
1775107161.2669246,3.0
1775107161.2788098,3.0
1775107161.2907038,3.0
1775107161.3026295,3.0
1775107161.314501,3.0
1775107161.326279,3.0
1775107161.3381135,3.0
1775107161.3500397,3.0
1775107161.3619828,3.0
1775107161.3738384,3.0
1775107161.3856792,3.0
1775107161.3976016,3.0
1775107161.4095514,3.0
1775107161.421562,3.0
1775107161.433426,3.0
1775107161.4453945,3.0
1775107161.4574778,3.0
1775107161.4693882,3.0
1775107161.4812546,3.0
1775107161.4932806,3.0
1775107161.505169,3.0
1775107161.5170414,3.0
1775107161.528999,3.0
1775107161.5408828,3.0
1775107161.5528038,3.0
1775107161.5647614,3.0
1775107161.5766723,3.0
1775107161.5885744,3.0
1775107161.6004746,3.0
1775107161.6124,3.0
1775107161.6243062,3.0
1775107161.6362185,3.0
1775107161.6479495,3.0
1775107161.6598346,3.0
1775107161.6716957,3.0
1775107161.6836953,3.0
1775107161.6955957,3.0
1775107161.7075334,3.0
1775107161.719415,3.0
1775107161.731355,3.0
1775107161.7433422,3.0
1775107161.7552722,3.0
1775107161.7671423,3.0
1775107161.7790313,3.0
1775107161.7909498,3.0
1775107161.8028438,3.0
1775107161.8146386,3.0
1775107161.8265488,3.0
1775107161.838485,3.0
1775107161.8504016,3.0
1775107161.862374,3.0
1775107161.8743165,3.0
1775107161.8862152,3.0
1775107161.898152,3.0
1775107161.910028,3.0
1775107161.92199,3.0
1775107161.9339092,3.0
1775107161.9456594,3.0
1775107161.9575675,3.0
1775107161.9694672,3.0
1775107161.9813607,3.0
1775107161.9932728,3.0
1775107162.0052254,3.0
1775107162.0171542,3.0
1775107162.029069,3.0
1775107162.040962,3.0
1775107162.0528386,3.0
1775107162.0648594,3.0
1775107162.0767872,3.0
1775107162.0886388,3.0
1775107162.1006145,3.0
1775107162.1139085,3.0
1775107162.1258242,3.0
1775107162.1377478,3.0
1775107162.1496503,3.0
1775107162.1615505,3.0
1775107162.173447,3.0
1775107162.1853724,3.0
1775107162.1972582,3.0
1775107162.2090364,3.0
1775107162.2207947,3.0
1775107162.232646,3.0
1775107162.2444339,3.0
1775107162.256396,3.0
1775107162.2682126,3.0
1775107162.2800212,3.0
1775107162.2918353,3.0
1775107162.3036385,3.0
1775107162.3154225,3.0
1775107162.3272495,3.0
1775107162.3390677,3.0
1775107162.3508465,3.0
1775107162.362675,3.0
1775107162.374526,3.0
1775107162.3863528,3.0
1775107162.3981264,3.0
1775107162.4099605,3.0
1775107162.421924,3.0
1775107162.433767,3.0
1775107162.4455996,3.0
1775107162.4575267,3.0
1775107162.4693785,3.0
1775107162.4812133,3.0
1775107162.493111,3.0
1775107162.5048957,3.0
1775107162.516744,3.0
1775107162.5285332,3.0
1775107162.540406,3.0
1775107162.5527513,3.0
1775107162.5646026,3.0
1775107162.5764194,3.0
1775107162.5882394,3.0
1775107162.6000943,3.0
1775107162.6118693,3.0
1775107162.6236813,3.0
1775107162.6354792,3.0
1775107162.6472924,3.0
1775107162.6590219,3.0
1775107162.6708324,3.0
1775107162.6826222,3.0
1775107162.694416,3.0
1775107162.7062378,3.0
1775107162.7180457,3.0
1775107162.7298152,3.0
1775107162.7416773,3.0
1775107162.7534995,3.0
1775107162.7653244,3.0
1775107162.7771552,3.0
1775107162.7889748,3.0
1775107162.8007867,3.0
1775107162.8125534,3.0
1775107162.82437,3.0
1775107162.836175,3.0
1775107162.847961,3.0
1775107162.8597603,3.0
1775107162.8715563,3.0
1775107162.8833473,3.0
1775107162.895213,3.0
1775107162.9070022,3.0
1775107162.918813,3.0
1775107162.9306648,3.0
1775107162.9425082,3.0
1775107162.9543068,3.0
1775107162.9661326,3.0
1775107162.9779773,3.0
1775107162.9897642,3.0
1775107163.001714,3.0
1775107163.0135417,3.0
1775107163.0253599,3.0
1775107163.0371542,3.0
1775107163.0488665,3.0
1775107163.0606678,3.0
1775107163.0724914,3.0
1775107163.0843315,3.0
1775107163.0961406,3.0
1775107163.1091855,3.0
1775107163.1209033,3.0
1775107163.132714,3.0
1775107163.1445594,3.0
1775107163.1564012,3.0
1775107163.1682003,3.0
1775107163.1800358,3.0
1775107163.1918492,3.0
1775107163.2037332,3.0
1775107163.2155569,3.0
1775107163.2273643,3.0
1775107163.239173,3.0
1775107163.2509792,3.0
1775107163.2628098,3.0
1775107163.2746723,3.0
1775107163.2865164,3.0
1775107163.2982998,3.0
1775107163.3101017,3.0
1775107163.321949,3.0
1775107163.3337638,3.0
1775107163.3455384,3.0
1775107163.3573592,3.0
1775107163.3691413,3.0
1775107163.380927,3.0
1775107163.3927653,3.0
1775107163.4046087,3.0
1775107163.4165835,3.0
1775107163.4283977,3.0
1775107163.4402056,3.0
1775107163.4521554,3.0
1775107163.46393,3.0
1775107163.4757273,3.0
1775107163.487531,3.0
1775107163.4992826,3.0
1775107163.511129,3.0
1775107163.522941,3.0
1775107163.534743,3.0
1775107163.54661,3.0
1775107163.5584183,3.0
1775107163.5702145,3.0
1775107163.5820954,3.0
1775107163.5938697,3.0
1775107163.6056817,3.0
1775107163.6174815,3.0
1775107163.6293263,3.0
1775107163.6410918,3.0
1775107163.6528227,3.0
1775107163.66461,3.0
1775107163.6764288,3.0
1775107163.6882656,3.0
1775107163.700044,3.0
1775107163.711818,3.0
1775107163.7236106,3.0
1775107163.7353933,3.0
1775107163.747216,3.0
1775107163.7588937,3.0
1775107163.7707002,3.0
1775107163.7824764,3.0
1775107163.794305,3.0
1775107163.8060772,3.0
1775107163.8178704,3.0
1775107163.8296392,3.0
1775107163.8414693,3.0
1775107163.8531852,3.0
1775107163.8649886,3.0
1775107163.8767567,3.0
1775107163.8886123,3.0
1775107163.9003778,3.0
1775107163.9121819,3.0
1775107163.924067,3.0
1775107163.9358077,3.0
1775107163.947668,3.0
1775107163.959488,3.0
1775107163.9712734,3.0
1775107163.983097,3.0
1775107163.9949358,3.0
1775107164.0068212,3.0
1775107164.018816,3.0
1775107164.0306497,3.0
1775107164.0424578,3.0
1775107164.0543158,3.0
1775107164.06622,3.0
1775107164.07803,3.0
1775107164.0899503,3.0
1775107164.101772,3.0
1775107164.11398,3.0
1775107164.1261964,3.0
1775107164.1380968,3.0
1775107164.1499884,3.0
1775107164.1619017,3.0
1775107164.1737947,3.0
1775107164.185682,3.0
1775107164.1975858,3.0
1775107164.2094882,3.0
1775107164.2213624,3.0
1775107164.2332604,3.0
1775107164.2449946,3.0
1775107164.2568831,3.0
1775107164.2687757,3.0
1775107164.2807007,3.0
1775107164.292615,3.0
1775107164.3044739,3.0
1775107164.3164258,3.0
1775107164.3282886,3.0
1775107164.3401852,3.0
1775107164.3521085,3.0
1775107164.3638566,3.0
1775107164.375748,3.0
1775107164.3876507,3.0
1775107164.399548,3.0
1775107164.411597,3.0
1775107164.4233928,3.0
1775107164.4352126,3.0
1775107164.4469469,3.0
1775107164.458876,3.0
1775107164.4707873,3.0
1775107164.4826548,3.0
1775107164.4948308,3.0
1775107164.506701,3.0
1775107164.5185416,3.0
1775107164.530442,3.0
1775107164.5423295,3.0
1775107164.5542378,3.0
1775107164.566143,3.0
1775107164.57799,3.0
1775107164.5898285,3.0
1775107164.6024551,3.0
1775107164.6143503,3.0
1775107164.6262388,3.0
1775107164.6380763,3.0
1775107164.6500072,3.0
1775107164.6619134,3.0
1775107164.6738176,3.0
1775107164.685687,3.0
1775107164.6975737,3.0
1775107164.7093754,3.0
1775107164.7211869,3.0
1775107164.7330713,3.0
1775107164.7449408,3.0
1775107164.7568288,3.0
1775107164.768728,3.0
1775107164.7805943,3.0
1775107164.792435,3.0
1775107164.8043551,3.0
1775107164.8162189,3.0
1775107164.8281221,3.0
1775107164.8400016,3.0
1775107164.851888,3.0
1775107164.863749,3.0
1775107164.875648,3.0
1775107164.8875535,3.0
1775107164.8994398,3.0
1775107164.9113073,3.0
1775107164.9232135,3.0
1775107164.9350736,3.0
1775107164.9469843,3.0
1775107164.958864,3.0
1775107164.9707878,3.0
1775107164.9826622,3.0
1775107164.9945521,3.0
1775107165.0065022,3.0
1775107165.018364,3.0
1775107165.0302744,3.0
1775107165.0421386,3.0
1775107165.054019,3.0
1775107165.0658839,3.0
1775107165.0777771,3.0
1775107165.0896256,3.0
1775107165.1015203,3.0
1775107165.114037,3.0
1775107165.1257646,3.0
1775107165.137598,3.0
1775107165.149504,3.0
1775107165.1613972,3.0
1775107165.1732845,3.0
1775107165.1851375,3.0
1775107165.197045,3.0
1775107165.208917,3.0
1775107165.220795,3.0
1775107165.2326937,3.0
1775107165.244568,3.0
1775107165.256444,3.0
1775107165.2683375,3.0
1775107165.280229,3.0
1775107165.2920897,3.0
1775107165.30398,3.0
1775107165.315883,3.0
1775107165.3277743,3.0
1775107165.3396888,3.0
1775107165.3515997,3.0
1775107165.363473,3.0
1775107165.3753712,3.0
1775107165.3872564,3.0
1775107165.3991513,3.0
1775107165.4113803,3.0
1775107165.4231727,3.0
1775107165.4350746,3.0
1775107165.4469705,3.0
1775107165.4589005,3.0
1775107165.470807,3.0
1775107165.4826415,3.0
1775107165.494582,3.0
1775107165.5064528,3.0
1775107165.5181968,3.0
1775107165.5300348,3.0
1775107165.541886,3.0
1775107165.5537171,3.0
1775107165.5654376,3.0
1775107165.5773377,3.0
1775107165.5892386,3.0
1775107165.6011093,3.0
1775107165.613012,3.0
1775107165.6249177,3.0
1775107165.6367736,3.0
1775107165.6486456,3.0
1775107165.6605248,3.0
1775107165.6724029,3.0
1775107165.6843483,3.0
1775107165.6962535,3.0
1775107165.7081168,3.0
1775107165.7199955,3.0
1775107165.7318845,3.0
1775107165.7437296,3.0
1775107165.7556694,3.0
1775107165.767524,3.0
1775107165.7794144,3.0
1775107165.79122,3.0
1775107165.8030956,3.0
1775107165.8149855,3.0
1775107165.826884,3.0
1775107165.8387244,3.0
1775107165.85063,3.0
1775107165.8624582,3.0
1775107165.874326,3.0
1775107165.8861785,3.0
1775107165.8980234,3.0
1775107165.9098985,3.0
1775107165.9217868,3.0
1775107165.933666,3.0
1775107165.9455423,3.0
1775107165.9574037,3.0
1775107165.9693332,3.0
1775107165.981189,3.0
1775107165.993105,3.0
1775107166.0051572,3.0
1775107166.016998,3.0
1775107166.028838,3.0
1775107166.0406756,3.0
1775107166.0525658,3.0
1775107166.064557,3.0
1775107166.0766478,3.0
1775107166.0884836,3.0
1775107166.100333,3.0
1775107166.1132467,3.0
1775107166.1249962,3.0
1775107166.1368935,3.0
1775107166.148699,3.0
1775107166.1605704,3.0
1775107166.1724353,3.0
1775107166.1843038,3.0
1775107166.196419,3.0
1775107166.2084312,3.0
1775107166.2204628,3.0
1775107166.2324486,3.0
1775107166.2445285,3.0
1775107166.2565138,3.0
1775107166.2685528,3.0
1775107166.2805772,3.0
1775107166.2926104,3.0
1775107166.3045614,3.0
1775107166.3164825,3.0
1775107166.3283863,3.0
1775107166.3403084,3.0
1775107166.3522336,3.0
1775107166.3641806,3.0
1775107166.3759942,3.0
1775107166.3879204,3.0
1775107166.3998215,3.0
1775107166.4120305,3.0
1775107166.4238346,3.0
1775107166.4357767,3.0
1775107166.4477007,3.0
1775107166.4596915,3.0
1775107166.4715924,3.0
1775107166.483515,3.0
1775107166.495462,3.0
1775107166.5073185,3.0
1775107166.5191524,3.0
1775107166.53105,3.0
1775107166.5428739,3.0
1775107166.5546281,3.0
1775107166.5664537,3.0
1775107166.581862,3.0
1775107166.5934637,3.0
1775107166.605325,3.0
1775107166.6171725,3.0
1775107166.6290658,3.0
1775107166.6409237,3.0
1775107166.6530359,3.0
1775107166.664857,3.0
1775107166.6767128,3.0
1775107166.6884444,3.0
1775107166.7003064,3.0
1775107166.7121897,3.0
1775107166.7240458,3.0
1775107166.735908,3.0
1775107166.7476664,3.0
1775107166.759543,3.0
1775107166.7714143,3.0
1775107166.7833087,3.0
1775107166.7951918,3.0
1775107166.8070397,3.0
1775107166.81892,3.0
1775107166.830776,3.0
1775107166.8426359,3.0
1775107166.8545194,3.0
1775107166.8663986,3.0
1775107166.8782406,3.0
1775107166.8900726,3.0
1775107166.9019163,3.0
1775107166.9137871,3.0
1775107166.9256606,3.0
1775107166.9375353,3.0
1775107166.9493866,3.0
1775107166.9612274,3.0
1775107166.9731262,3.0
1775107166.9850297,3.0
1775107166.9968753,3.0
1775107167.0087252,3.0
1775107167.0205727,3.0
1775107167.032472,3.0
1775107167.044356,3.0
1775107167.0562327,3.0
1775107167.0681157,3.0
1775107167.079974,3.0
1775107167.0918891,3.0
1775107167.1037908,3.0
1775107167.1165986,3.0
1775107167.1283507,3.0
1775107167.1401806,3.0
1775107167.1520221,3.0
1775107167.16371,3.0
1775107167.1755483,3.0
1775107167.1873465,3.0
1775107167.199192,3.0
1775107167.2110078,3.0
1775107167.222855,3.0
1775107167.2346792,3.0
1775107167.2464907,3.0
1775107167.2583447,3.0
1775107167.2701795,3.0
1775107167.2820127,3.0
1775107167.2938018,3.0
1775107167.3056114,3.0
1775107167.3174343,3.0
1775107167.3292296,3.0
1775107167.3410873,3.0
1775107167.352856,3.0
1775107167.3646708,3.0
1775107167.3764677,3.0
1775107167.3883207,3.0
1775107167.4001381,3.0
1775107167.412145,3.0
1775107167.423983,3.0
1775107167.4358778,3.0
1775107167.4477813,3.0
1775107167.4596984,3.0
1775107167.471523,3.0
1775107167.4834263,3.0
1775107167.4953842,3.0
1775107167.5072165,3.0
1775107167.519126,3.0
1775107167.5309978,3.0
1775107167.5428321,3.0
1775107167.5547078,3.0
1775107167.5665784,3.0
1775107167.5783782,3.0
1775107167.5902457,3.0
1775107167.6022897,3.0
1775107167.6141455,3.0
1775107167.626013,3.0
1775107167.6378524,3.0
1775107167.6497297,3.0
1775107167.6616008,3.0
1775107167.6734712,3.0
1775107167.685427,3.0
1775107167.6973014,3.0
1775107167.7092185,3.0
1775107167.7211292,3.0
1775107167.7329943,3.0
1775107167.74485,3.0
1775107167.75672,3.0
1775107167.7685943,3.0
1775107167.7805123,3.0
1775107167.7924569,3.0
1775107167.8043768,3.0
1775107167.8162608,3.0
1775107167.8281636,3.0
1775107167.8400834,3.0
1775107167.8519707,3.0
1775107167.8638153,3.0
1775107167.8757524,3.0
1775107167.887645,3.0
1775107167.8995602,3.0
1775107167.911446,3.0
1775107167.9233422,3.0
1775107167.9352403,3.0
1775107167.9471037,3.0
1775107167.9590154,3.0
1775107167.9707432,3.0
1775107167.982591,3.0
1775107167.9945035,3.0
1775107168.0064235,3.0
1775107168.018307,3.0
1775107168.0301554,3.0
1775107168.0420046,3.0
1775107168.0538843,3.0
1775107168.0658915,3.0
1775107168.077841,3.0
1775107168.0896797,3.0
1775107168.101583,3.0
1775107168.1146884,3.0
1775107168.1265516,3.0
1775107168.138413,3.0
1775107168.1503356,3.0
1775107168.162221,3.0
1775107168.1741319,3.0
1775107168.1859422,3.0
1775107168.1978354,3.0
1775107168.2097137,3.0
1775107168.221596,3.0
1775107168.2334561,3.0
1775107168.2453396,3.0
1775107168.2572703,3.0
1775107168.2691054,3.0
1775107168.280982,3.0
1775107168.2928476,3.0
1775107168.3046982,3.0
1775107168.316596,3.0
1775107168.328311,3.0
1775107168.340213,3.0
1775107168.352057,3.0
1775107168.3639622,3.0
1775107168.3758476,3.0
1775107168.3877187,3.0
1775107168.3995707,3.0
1775107168.4115727,3.0
1775107168.423488,3.0
1775107168.4353583,3.0
1775107168.4472468,3.0
1775107168.4591641,3.0
1775107168.4710677,3.0
1775107168.4829254,3.0
1775107168.4951732,3.0
1775107168.5072093,3.0
1775107168.5190935,3.0
1775107168.531094,3.0
1775107168.5430984,3.0
1775107168.5550623,3.0
1775107168.5672033,3.0
1775107168.5791786,3.0
1775107168.5911949,3.0
1775107168.603198,3.0
1775107168.6150167,3.0
1775107168.627064,3.0
1775107168.6390276,3.0
1775107168.6510234,3.0
1775107168.6630087,3.0
1775107168.6749604,3.0
1775107168.687123,3.0
1775107168.6996002,3.0
1775107168.711617,3.0
1775107168.72362,3.0
1775107168.735591,3.0
1775107168.7476077,3.0
1775107168.75962,3.0
1775107168.7715766,3.0
1775107168.783608,3.0
1775107168.7955549,3.0
1775107168.8076043,3.0
1775107168.8195024,3.0
1775107168.831326,3.0
1775107168.8431704,3.0
1775107168.8549032,3.0
1775107168.866777,3.0
1775107168.8786204,3.0
1775107168.8905206,3.0
1775107168.9023852,3.0
1775107168.9142685,3.0
1775107168.9261715,3.0
1775107168.9380198,3.0
1775107168.9499266,3.0
1775107168.961832,3.0
1775107168.9736621,3.0
1775107168.9855661,3.0
1775107168.9973006,3.0
1775107169.0092456,3.0
1775107169.0211105,3.0
1775107169.0330222,3.0
1775107169.044859,3.0
1775107169.0567417,3.0
1775107169.0686843,3.0
1775107169.0805788,3.0
1775107169.0924647,3.0
1775107169.104354,3.0
1775107169.1172261,3.0
1775107169.129015,3.0
1775107169.1409898,3.0
1775107169.1528442,3.0
1775107169.1647494,3.0
1775107169.176573,3.0
1775107169.1882904,3.0
1775107169.2001984,3.0
1775107169.2120585,3.0
1775107169.223927,3.0
1775107169.235811,3.0
1775107169.2475972,3.0
1775107169.259448,3.0
1775107169.2713168,3.0
1775107169.2832375,3.0
1775107169.2951345,3.0
1775107169.3070333,3.0
1775107169.3188922,3.0
1775107169.3307424,3.0
1775107169.342599,3.0
1775107169.354495,3.0
1775107169.3664043,3.0
1775107169.3783147,3.0
1775107169.390234,3.0
1775107169.4021006,3.0
1775107169.414117,3.0
1775107169.425896,3.0
1775107169.4377856,3.0
1775107169.449726,3.0
1775107169.4615695,3.0
1775107169.473466,3.0
1775107169.4854076,3.0
1775107169.4973066,3.0
1775107169.5092037,3.0
1775107169.5210855,3.0
1775107169.5330017,3.0
1775107169.5449052,3.0
1775107169.5568326,3.0
1775107169.568699,3.0
1775107169.5806127,3.0
1775107169.5924785,3.0
1775107169.6043594,3.0
1775107169.6162465,3.0
1775107169.6281483,3.0
1775107169.640039,3.0
1775107169.6519263,3.0
1775107169.6638126,3.0
1775107169.6757176,3.0
1775107169.687608,3.0
1775107169.6994736,3.0
1775107169.7113285,3.0
1775107169.7232385,3.0
1775107169.7350876,3.0
1775107169.7470012,3.0
1775107169.7588284,3.0
1775107169.770743,3.0
1775107169.7826428,3.0
1775107169.7945247,3.0
1775107169.8064458,3.0
1775107169.8183177,3.0
1775107169.8301978,3.0
1775107169.842097,3.0
1775107169.85394,3.0
1775107169.8658168,3.0
1775107169.877701,3.0
1775107169.8895757,3.0
1775107169.9014308,3.0
1775107169.9133005,3.0
1775107169.9252057,3.0
1775107169.936927,3.0
1775107169.9487936,3.0
1775107169.9606218,3.0
1775107169.9725454,3.0
1775107169.9843972,3.0
1775107169.9962537,3.0
1775107170.0080495,3.0
1775107170.0199234,3.0
1775107170.031831,3.0
1775107170.043713,3.0
1775107170.055625,3.0
1775107170.067522,3.0
1775107170.0794137,3.0
1775107170.091275,3.0
1775107170.1031935,3.0
1775107170.1160126,3.0
1775107170.127866,3.0
1775107170.1397338,3.0
1775107170.151623,3.0
1775107170.163608,3.0
1775107170.175528,3.0
1775107170.1874113,3.0
1775107170.1993058,3.0
1775107170.2112176,3.0
1775107170.2231078,3.0
1775107170.2349825,3.0
1775107170.2468517,3.0
1775107170.2587442,3.0
1775107170.2706945,3.0
1775107170.2825534,3.0
1775107170.294449,3.0
1775107170.3063495,3.0
1775107170.3182218,3.0
1775107170.33014,3.0
1775107170.3420172,3.0
1775107170.353906,3.0
1775107170.365773,3.0
1775107170.3776696,3.0
1775107170.3895628,3.0
1775107170.4014761,3.0
1775107170.4134436,3.0
1775107170.4251535,3.0
1775107170.4370475,3.0
1775107170.4490654,3.0
1775107170.4608927,3.0
1775107170.4727788,3.0
1775107170.4847052,3.0
1775107170.4965706,3.0
1775107170.5084426,3.0
1775107170.5203218,3.0
1775107170.532165,3.0
1775107170.5440323,3.0
1775107170.5558872,3.0
1775107170.567722,3.0
1775107170.5796003,3.0
1775107170.5914714,3.0
1775107170.6033063,3.0
1775107170.6150334,3.0
1775107170.6269066,3.0
1775107170.6387641,3.0
1775107170.650607,3.0
1775107170.6624722,3.0
1775107170.674324,3.0
1775107170.686009,3.0
1775107170.697786,3.0
1775107170.7096179,3.0
1775107170.721464,3.0
1775107170.7333395,3.0
1775107170.7457337,3.0
1775107170.757642,3.0
1775107170.7695236,3.0
1775107170.7813966,3.0
1775107170.793243,3.0
1775107170.8050935,3.0
1775107170.8169622,3.0
1775107170.828849,3.0
1775107170.8407032,3.0
1775107170.852591,3.0
1775107170.8644485,3.0
1775107170.8763328,3.0
1775107170.88823,3.0
1775107170.9000723,3.0
1775107170.9119427,3.0
1775107170.9237802,3.0
1775107170.9356914,3.0
1775107170.947552,3.0
1775107170.9594123,3.0
1775107170.97122,3.0
1775107170.9830766,3.0
1775107170.9948661,3.0
1775107171.0067863,3.0
1775107171.0186415,3.0
1775107171.0305018,3.0
1775107171.0423372,3.0
1775107171.0542212,3.0
1775107171.0660763,3.0
1775107171.0779116,3.0
1775107171.0897715,3.0
1775107171.1016486,3.0
1775107171.114746,3.0
1775107171.1266215,3.0
1775107171.1384773,3.0
1775107171.1503532,3.0
1775107171.1621864,3.0
1775107171.1740103,3.0
1775107171.1859004,3.0
1775107171.1977706,3.0
1775107171.2095766,3.0
1775107171.2214327,3.0
1775107171.2332706,3.0
1775107171.24512,3.0
1775107171.256985,3.0
1775107171.2688236,3.0
1775107171.2807236,3.0
1775107171.292634,3.0
1775107171.3044798,3.0
1775107171.3163488,3.0
1775107171.328201,3.0
1775107171.3400433,3.0
1775107171.3519094,3.0
1775107171.3638153,3.0
1775107171.375674,3.0
1775107171.3875673,3.0
1775107171.3993917,3.0
1775107171.4113443,3.0
1775107171.4232204,3.0
1775107171.4351108,3.0
1775107171.446966,3.0
1775107171.4587233,3.0
1775107171.4706125,3.0
1775107171.4825282,3.0
1775107171.4945254,3.0
1775107171.506232,3.0
1775107171.5181212,3.0
1775107171.529964,3.0
1775107171.541823,3.0
1775107171.553741,3.0
1775107171.5655773,3.0
1775107171.577427,3.0
1775107171.5892751,3.0
1775107171.6011627,3.0
1775107171.6130142,3.0
1775107171.6248646,3.0
1775107171.6367044,3.0
1775107171.6485739,3.0
1775107171.6604273,3.0
1775107171.672288,3.0
1775107171.6841588,3.0
1775107171.6960025,3.0
1775107171.7078762,3.0
1775107171.7197845,3.0
1775107171.7316566,3.0
1775107171.7434363,3.0
1775107171.755221,3.0
1775107171.7670696,3.0
1775107171.7788985,3.0
1775107171.7907815,3.0
1775107171.8026443,3.0
1775107171.814535,3.0
1775107171.8264513,3.0
1775107171.8381836,3.0
1775107171.8501155,3.0
1775107171.8619945,3.0
1775107171.8738084,3.0
1775107171.8857212,3.0
1775107171.8977134,3.0
1775107171.9096453,3.0
1775107171.921543,3.0
1775107171.933422,3.0
1775107171.9453304,3.0
1775107171.9572237,3.0
1775107171.9691055,3.0
1775107171.9809847,3.0
1775107171.992849,3.0
1775107172.0049026,3.0
1775107172.0167394,3.0
1775107172.0285811,3.0
1775107172.040453,3.0
1775107172.0523446,3.0
1775107172.0644283,3.0
1775107172.076614,3.0
1775107172.088542,3.0
1775107172.1004128,3.0
1775107172.1127353,3.0
1775107172.1246536,3.0
1775107172.1364858,3.0
1775107172.1483994,3.0
1775107172.1602547,3.0
1775107172.1721082,3.0
1775107172.183915,3.0
1775107172.1957638,3.0
1775107172.2076015,3.0
1775107172.2194736,3.0
1775107172.2312553,3.0
1775107172.2430906,3.0
1775107172.2548947,3.0
1775107172.2665966,3.0
1775107172.2785196,3.0
1775107172.2902644,3.0
1775107172.3021145,3.0
1775107172.313949,3.0
1775107172.3257806,3.0
1775107172.337663,3.0
1775107172.3495018,3.0
1775107172.361357,3.0
1775107172.3731747,3.0
1775107172.384909,3.0
1775107172.3967843,3.0
1775107172.4087074,3.0
1775107172.4207501,3.0
1775107172.4326084,3.0
1775107172.4444306,3.0
1775107172.4566011,3.0
1775107172.46843,3.0
1775107172.4803057,3.0
1775107172.4922183,3.0
1775107172.503995,3.0
1775107172.5158389,3.0
1775107172.5277133,3.0
1775107172.53954,3.0
1775107172.5514035,3.0
1775107172.5631962,3.0
1775107172.575031,3.0
1775107172.5869339,3.0
1775107172.598727,3.0
1775107172.6105337,3.0
1775107172.6223946,3.0
1775107172.6342053,3.0
1775107172.6460943,3.0
1775107172.657926,3.0
1775107172.66978,3.0
1775107172.6816144,3.0
1775107172.693492,3.0
1775107172.7053547,3.0
1775107172.7172015,3.0
1775107172.7290354,3.0
1775107172.7409134,3.0
1775107172.7526805,3.0
1775107172.7645981,3.0
1775107172.7764485,3.0
1775107172.7888079,3.0
1775107172.800574,3.0
1775107172.81245,3.0
1775107172.8243062,3.0
1775107172.8361938,3.0
1775107172.8480113,3.0
1775107172.8598661,3.0
1775107172.871679,3.0
1775107172.8835616,3.0
1775107172.8953936,3.0
1775107172.9072847,3.0
1775107172.9191399,3.0
1775107172.930993,3.0
1775107172.9428837,3.0
1775107172.954689,3.0
1775107172.9665325,3.0
1775107172.9784837,3.0
1775107172.9903727,3.0
1775107173.002328,3.0
1775107173.0140693,3.0
1775107173.0259383,3.0
1775107173.0378199,3.0
1775107173.0496821,3.0
1775107173.0615442,3.0
1775107173.073472,3.0
1775107173.085309,3.0
1775107173.097172,3.0
1775107173.1105757,3.0
1775107173.1222734,3.0
1775107173.134155,3.0
1775107173.1460433,3.0
1775107173.1579378,3.0
1775107173.1697805,3.0
1775107173.1816545,3.0
1775107173.1935332,3.0
1775107173.2053905,3.0
1775107173.2173095,3.0
1775107173.2291746,3.0
1775107173.241117,3.0
1775107173.2529788,3.0
1775107173.264828,3.0
1775107173.2766762,3.0
1775107173.288536,3.0
1775107173.300388,3.0
1775107173.3122976,3.0
1775107173.3241594,3.0
1775107173.336033,3.0
1775107173.3478878,3.0
1775107173.3597307,3.0
1775107173.371626,3.0
1775107173.3835151,3.0
1775107173.3953776,3.0
1775107173.407263,3.0
1775107173.4195194,3.0
1775107173.4313908,3.0
1775107173.44328,3.0
1775107173.4552252,3.0
1775107173.4670935,3.0
1775107173.4790146,3.0
1775107173.4909976,3.0
1775107173.5028412,3.0
1775107173.5146728,3.0
1775107173.5265667,3.0
1775107173.5384357,3.0
1775107173.5503285,3.0
1775107173.5622306,3.0
1775107173.574126,3.0
1775107173.586033,3.0
1775107173.597891,3.0
1775107173.6097872,3.0
1775107173.6216974,3.0
1775107173.6335633,3.0
1775107173.6454687,3.0
1775107173.657331,3.0
1775107173.6692522,3.0
1775107173.6811597,3.0
1775107173.6930213,3.0
1775107173.7049294,3.0
1775107173.7168112,3.0
1775107173.728707,3.0
1775107173.7405975,3.0
1775107173.7523754,3.0
1775107173.7642674,3.0
1775107173.7761784,3.0
1775107173.7880366,3.0
1775107173.7999449,3.0
1775107173.8117821,3.0
1775107173.8237033,3.0
1775107173.8355618,3.0
1775107173.8474498,3.0
1775107173.8593783,3.0
1775107173.8712907,3.0
1775107173.883142,3.0
1775107173.895045,3.0
1775107173.9069118,3.0
1775107173.9188342,3.0
1775107173.9307382,3.0
1775107173.942613,3.0
1775107173.9544764,3.0
1775107173.9663608,3.0
1775107173.9782248,3.0
1775107173.9901154,3.0
1775107174.002052,3.0
1775107174.013903,3.0
1775107174.0257318,3.0
1775107174.037622,3.0
1775107174.0494962,3.0
1775107174.0614667,3.0
1775107174.0733345,3.0
1775107174.0851448,3.0
1775107174.0969822,3.0
1775107174.1101453,3.0
1775107174.1218488,3.0
1775107174.1337745,3.0
1775107174.1456625,3.0
1775107174.1575663,3.0
1775107174.1694782,3.0
1775107174.1813731,3.0
1775107174.193243,3.0
1775107174.2052057,3.0
1775107174.2171159,3.0
1775107174.2289946,3.0
1775107174.2409172,3.0
1775107174.2528033,3.0
1775107174.2647154,3.0
1775107174.2766426,3.0
1775107174.2886019,3.0
1775107174.3004863,3.0
1775107174.3124304,3.0
1775107174.3243651,3.0
1775107174.3362925,3.0
1775107174.3481996,3.0
1775107174.3601665,3.0
1775107174.3720725,3.0
1775107174.383962,3.0
1775107174.3958535,3.0
1775107174.407803,3.0
1775107174.420042,3.0
1775107174.4319131,3.0
1775107174.4438202,3.0
1775107174.4558713,3.0
1775107174.4677641,3.0
1775107174.4796813,3.0
1775107174.4916427,3.0
1775107174.5035028,3.0
1775107174.5154195,3.0
1775107174.5271423,3.0
1775107174.5390418,3.0
1775107174.5509312,3.0
1775107174.562825,3.0
1775107174.5746918,3.0
1775107174.5865924,3.0
1775107174.5983431,3.0
1775107174.6101391,3.0
1775107174.621832,3.0
1775107174.6337273,3.0
1775107174.6455998,3.0
1775107174.657488,3.0
1775107174.6693592,3.0
1775107174.6812491,3.0
1775107174.6931744,3.0
1775107174.7050543,3.0
1775107174.7169316,3.0
1775107174.7288249,3.0
1775107174.7408917,3.0
1775107174.7527544,3.0
1775107174.764622,3.0
1775107174.7765458,3.0
1775107174.7884161,3.0
1775107174.800299,3.0
1775107174.8121805,3.0
1775107174.8238704,3.0
1775107174.8364267,3.0
1775107174.848209,3.0
1775107174.8600671,3.0
1775107174.8719895,3.0
1775107174.8838599,3.0
1775107174.8957675,3.0
1775107174.9076242,3.0
1775107174.9194915,3.0
1775107174.9313881,3.0
1775107174.943288,3.0
1775107174.955178,3.0
1775107174.9670873,3.0
1775107174.9790306,3.0
1775107174.9909089,3.0
1775107175.0028324,3.0
1775107175.0146797,3.0
1775107175.0265682,3.0
1775107175.0384738,3.0
1775107175.050367,3.0
1775107175.0623212,3.0
1775107175.0741944,3.0
1775107175.086141,3.0
1775107175.0978596,3.0
1775107175.111112,3.0
1775107175.1229255,3.0
1775107175.134806,3.0
1775107175.1467412,3.0
1775107175.158638,3.0
1775107175.1706133,3.0
1775107175.1825008,3.0
1775107175.1943944,3.0
1775107175.2063,3.0
1775107175.2182117,3.0
1775107175.2301302,3.0
1775107175.241987,3.0
1775107175.253888,3.0
1775107175.2657998,3.0
1775107175.2776523,3.0
1775107175.2894697,3.0
1775107175.30124,3.0
1775107175.312967,3.0
1775107175.3247342,3.0
1775107175.336448,3.0
1775107175.34814,3.0
1775107175.3598597,3.0
1775107175.3716586,3.0
1775107175.3833768,3.0
1775107175.3951101,3.0
1775107175.4068122,3.0
1775107175.4187067,3.0
1775107175.430467,3.0
1775107175.4422271,3.0
1775107175.45416,3.0
1775107175.4658651,3.0
1775107175.4775646,3.0
1775107175.4893212,3.0
1775107175.5010662,3.0
1775107175.512736,3.0
1775107175.5244443,3.0
1775107175.5361423,3.0
1775107175.5478485,3.0
1775107175.5595708,3.0
1775107175.5713272,3.0
1775107175.583067,3.0
1775107175.5948493,3.0
1775107175.606604,3.0
1775107175.6183193,3.0
1775107175.6300924,3.0
1775107175.641814,3.0
1775107175.6535356,3.0
1775107175.6652925,3.0
1775107175.6770322,3.0
1775107175.6887982,3.0
1775107175.700536,3.0
1775107175.7122552,3.0
1775107175.7240002,3.0
1775107175.7357,3.0
1775107175.747473,3.0
1775107175.7592046,3.0
1775107175.7709188,3.0
1775107175.782679,3.0
1775107175.7945046,3.0
1775107175.8062713,3.0
1775107175.8179996,3.0
1775107175.8297276,3.0
1775107175.841434,3.0
1775107175.8531582,3.0
1775107175.8648927,3.0
1775107175.8766258,3.0
1775107175.8883855,3.0
1775107175.9001317,3.0
1775107175.9118698,3.0
1775107175.9236422,3.0
1775107175.9353673,3.0
1775107175.9470937,3.0
1775107175.9587696,3.0
1775107175.9704754,3.0
1775107175.982244,3.0
1775107175.9939668,3.0
1775107176.0057204,3.0
1775107176.017456,3.0
1775107176.0292044,3.0
1775107176.0408952,3.0
1775107176.0526264,3.0
1775107176.0645916,3.0
1775107176.0763583,3.0
1775107176.08808,3.0
1775107176.0997856,3.0
1775107176.1119075,3.0
1775107176.1238832,3.0
1775107176.1356163,3.0
1775107176.1473472,3.0
1775107176.1590638,3.0
1775107176.1707604,3.0
1775107176.1824667,3.0
1775107176.1941814,3.0
1775107176.2058773,3.0
1775107176.2175958,3.0
1775107176.229341,3.0
1775107176.2410185,3.0
1775107176.252716,3.0
1775107176.2644117,3.0
1775107176.2761111,3.0
1775107176.2878108,3.0
1775107176.299504,3.0
1775107176.3112342,3.0
1775107176.3229306,3.0
1775107176.3346562,3.0
1775107176.3463948,3.0
1775107176.3581343,3.0
1775107176.3698232,3.0
1775107176.3815563,3.0
1775107176.393281,3.0
1775107176.405047,3.0
1775107176.4169984,3.0
1775107176.4286945,3.0
1775107176.4404705,3.0
1775107176.4523296,3.0
1775107176.4640307,3.0
1775107176.4758105,3.0
1775107176.4877002,3.0
1775107176.4993634,3.0
1775107176.5110874,3.0
1775107176.5228786,3.0
1775107176.5346425,3.0
1775107176.5463808,3.0
1775107176.5581067,3.0
1775107176.5698514,3.0
1775107176.5815911,3.0
1775107176.5933518,3.0
1775107176.6051252,3.0
1775107176.6168807,3.0
1775107176.6285906,3.0
1775107176.6403534,3.0
1775107176.6521125,3.0
1775107176.6638384,3.0
1775107176.6755636,3.0
1775107176.6873014,3.0
1775107176.699043,3.0
1775107176.7107697,3.0
1775107176.7225084,3.0
1775107176.734262,3.0
1775107176.745999,3.0
1775107176.7577603,3.0
1775107176.7695093,3.0
1775107176.7812645,3.0
1775107176.792979,3.0
1775107176.804666,3.0
1775107176.8164043,3.0
1775107176.8281395,3.0
1775107176.8398502,3.0
1775107176.851594,3.0
1775107176.863288,3.0
1775107176.8750584,3.0
1775107176.887446,3.0
1775107176.8992298,3.0
1775107176.910977,3.0
1775107176.9226515,3.0
1775107176.9344,3.0
1775107176.9461842,3.0
1775107176.9578865,3.0
1775107176.969586,3.0
1775107176.9812875,3.0
1775107176.9929423,3.0
1775107177.0047238,3.0
1775107177.016415,3.0
1775107177.0281336,3.0
1775107177.039816,3.0
1775107177.0515223,3.0
1775107177.063235,3.0
1775107177.07499,3.0
1775107177.0866942,3.0
1775107177.098369,3.0
1775107177.111558,3.0
1775107177.123181,3.0
1775107177.1349125,3.0
1775107177.1466424,3.0
1775107177.158416,3.0
1775107177.1701777,3.0
1775107177.1818726,3.0
1775107177.1936555,3.0
1775107177.2053812,3.0
1775107177.2171142,3.0
1775107177.2288136,3.0
1775107177.2406201,3.0
1775107177.2523258,3.0
1775107177.2640626,3.0
1775107177.27577,3.0
1775107177.2875054,3.0
1775107177.299233,3.0
1775107177.3109868,3.0
1775107177.322818,3.0
1775107177.334897,3.0
1775107177.3466477,3.0
1775107177.3583436,3.0
1775107177.3700345,3.0
1775107177.3816938,3.0
1775107177.393349,3.0
1775107177.4050322,3.0
1775107177.4169333,3.0
1775107177.4286318,3.0
1775107177.4403663,3.0
1775107177.452244,3.0
1775107177.4639173,3.0
1775107177.4756162,3.0
1775107177.4874473,3.0
1775107177.499192,3.0
1775107177.510891,3.0
1775107177.5225906,3.0
1775107177.5343795,3.0
1775107177.5460882,3.0
1775107177.5578222,3.0
1775107177.5694976,3.0
1775107177.5811725,3.0
1775107177.5928757,3.0
1775107177.6045825,3.0
1775107177.616396,3.0
1775107177.6280913,3.0
1775107177.6397784,3.0
1775107177.6514695,3.0
1775107177.6631398,3.0
1775107177.6748466,3.0
1775107177.6865182,3.0
1775107177.6982052,3.0
1775107177.7100115,3.0
1775107177.7216861,3.0
1775107177.7333543,3.0
1775107177.7450595,3.0
1775107177.756752,3.0
1775107177.7684383,3.0
1775107177.780103,3.0
1775107177.7918494,3.0
1775107177.8035243,3.0
1775107177.8152592,3.0
1775107177.8270152,3.0
1775107177.8386533,3.0
1775107177.8504207,3.0
1775107177.8620875,3.0
1775107177.87378,3.0
1775107177.8855157,3.0
1775107177.8971806,3.0
1775107177.908874,3.0
1775107177.920549,3.0
1775107177.9321952,3.0
1775107177.9438705,3.0
1775107177.9555361,3.0
1775107177.9672167,3.0
1775107177.9789436,3.0
1775107177.990597,3.0
1775107178.002285,3.0
1775107178.0140772,3.0
1775107178.0257115,3.0
1775107178.037376,3.0
1775107178.0490627,3.0
1775107178.0608675,3.0
1775107178.0726206,3.0
1775107178.0842772,3.0
1775107178.095984,3.0
1775107178.1089556,3.0
1775107178.1207101,3.0
1775107178.1323998,3.0
1775107178.1440718,3.0
1775107178.1557415,3.0
1775107178.167436,3.0
1775107178.1790984,3.0
1775107178.190798,3.0
1775107178.2026331,3.0
1775107178.2143307,3.0
1775107178.226022,3.0
1775107178.237765,3.0
1775107178.2494984,3.0
1775107178.261245,3.0
1775107178.2729611,3.0
1775107178.2847047,3.0
1775107178.2964394,3.0
1775107178.3081977,3.0
1775107178.3199124,3.0
1775107178.3316495,3.0
1775107178.34338,3.0
1775107178.3552067,3.0
1775107178.3669305,3.0
1775107178.3786664,3.0
1775107178.3904755,3.0
1775107178.4021823,3.0
1775107178.4140408,3.0
1775107178.4257176,3.0
1775107178.437532,3.0
1775107178.4494665,3.0
1775107178.4611416,3.0
1775107178.4728937,3.0
1775107178.4846265,3.0
1775107178.496427,3.0
1775107178.5081556,3.0
1775107178.519869,3.0
1775107178.5315936,3.0
1775107178.5433002,3.0
1775107178.5550697,3.0
1775107178.566788,3.0
1775107178.5785396,3.0
1775107178.5902772,3.0
1775107178.6020107,3.0
1775107178.6137757,3.0
1775107178.6254835,3.0
1775107178.6371963,3.0
1775107178.6489334,3.0
1775107178.6606402,3.0
1775107178.6723838,3.0
1775107178.6841023,3.0
1775107178.6958745,3.0
1775107178.7075815,3.0
1775107178.7193189,3.0
1775107178.731052,3.0
1775107178.7427955,3.0
1775107178.7545197,3.0
1775107178.7662656,3.0
1775107178.7779715,3.0
1775107178.7896936,3.0
1775107178.8014226,3.0
1775107178.8131802,3.0
1775107178.8249016,3.0
1775107178.8366165,3.0
1775107178.8483238,3.0
1775107178.860046,3.0
1775107178.8717725,3.0
1775107178.8835173,3.0
1775107178.895244,3.0
1775107178.9069853,3.0
1775107178.918695,3.0
1775107178.931138,3.0
1775107178.942816,3.0
1775107178.9546466,3.0
1775107178.966343,3.0
1775107178.9781046,3.0
1775107178.989839,3.0
1775107179.001587,3.0
1775107179.0133343,3.0
1775107179.0250583,3.0
1775107179.0367875,3.0
1775107179.0485072,3.0
1775107179.0603132,3.0
1775107179.0720372,3.0
1775107179.0837379,3.0
1775107179.0954025,3.0
1775107179.108529,3.0
1775107179.1201344,3.0
1775107179.1319242,3.0
1775107179.1436815,3.0
1775107179.1554224,3.0
1775107179.1671367,3.0
1775107179.178899,3.0
1775107179.1906643,3.0
1775107179.2024114,3.0
1775107179.214157,3.0
1775107179.2258995,3.0
1775107179.2376397,3.0
1775107179.2493734,3.0
1775107179.2611253,3.0
1775107179.2728784,3.0
1775107179.284611,3.0
1775107179.2963884,3.0
1775107179.3081586,3.0
1775107179.319858,3.0
1775107179.3315794,3.0
1775107179.3433292,3.0
1775107179.355069,3.0
1775107179.366803,3.0
1775107179.3785167,3.0
1775107179.3902547,3.0
1775107179.4019604,3.0
1775107179.4138403,3.0
1775107179.4256437,3.0
1775107179.4373853,3.0
1775107179.4493635,3.0
1775107179.461065,3.0
1775107179.4728112,3.0
1775107179.4845667,3.0
1775107179.4963334,3.0
1775107179.5080814,3.0
1775107179.5197942,3.0
1775107179.531549,3.0
1775107179.5432897,3.0
1775107179.5549715,3.0
1775107179.5667155,3.0
1775107179.5784466,3.0
1775107179.590192,3.0
1775107179.6019468,3.0
1775107179.613666,3.0
1775107179.6254337,3.0
1775107179.6371052,3.0
1775107179.6488256,3.0
1775107179.6606202,3.0
1775107179.6724114,3.0
1775107179.6841366,3.0
1775107179.6958456,3.0
1775107179.707597,3.0
1775107179.7193122,3.0
1775107179.7310324,3.0
1775107179.7427814,3.0
1775107179.7545214,3.0
1775107179.7662752,3.0
1775107179.7780375,3.0
1775107179.7897468,3.0
1775107179.8016477,3.0
1775107179.8133602,3.0
1775107179.8250582,3.0
1775107179.8368082,3.0
1775107179.848521,3.0
1775107179.8602839,3.0
1775107179.8720334,3.0
1775107179.8837934,3.0
1775107179.8954527,3.0
1775107179.9072018,3.0
1775107179.9189456,3.0
1775107179.9306722,3.0
1775107179.9423933,3.0
1775107179.954189,3.0
1775107179.9658923,3.0
1775107179.9776268,3.0
1775107179.9893577,3.0
1775107180.0011373,3.0
1775107180.012853,3.0
1775107180.024581,3.0
1775107180.036324,3.0
1775107180.0480688,3.0
1775107180.0599725,3.0
1775107180.0717652,3.0
1775107180.0835874,3.0
1775107180.0953097,3.0
1775107180.1083775,3.0
1775107180.1202059,3.0
1775107180.1319609,3.0
1775107180.1437035,3.0
1775107180.1554267,3.0
1775107180.1671953,3.0
1775107180.1789076,3.0
1775107180.1906185,3.0
1775107180.2024238,3.0
1775107180.214204,3.0
1775107180.2259233,3.0
1775107180.2376497,3.0
1775107180.249463,3.0
1775107180.2612288,3.0
1775107180.2729845,3.0
1775107180.284677,3.0
1775107180.2964394,3.0
1775107180.3081722,3.0
1775107180.3198864,3.0
1775107180.3315747,3.0
1775107180.343244,3.0
1775107180.3549638,3.0
1775107180.3665812,3.0
1775107180.3784087,3.0
1775107180.3901505,3.0
1775107180.4018433,3.0
1775107180.4138067,3.0
1775107180.4255273,3.0
1775107180.4372656,3.0
1775107180.4492276,3.0
1775107180.4608958,3.0
1775107180.4726546,3.0
1775107180.4843907,3.0
1775107180.4961457,3.0
1775107180.5078833,3.0
1775107180.5195975,3.0
1775107180.531315,3.0
1775107180.5430083,3.0
1775107180.5547698,3.0
1775107180.5664856,3.0
1775107180.578209,3.0
1775107180.589942,3.0
1775107180.6016495,3.0
1775107180.6134565,3.0
1775107180.62521,3.0
1775107180.6368694,3.0
1775107180.6485944,3.0
1775107180.6603377,3.0
1775107180.6720605,3.0
1775107180.6837926,3.0
1775107180.6955507,3.0
1775107180.707305,3.0
1775107180.7190664,3.0
1775107180.7308059,3.0
1775107180.7425416,3.0
1775107180.754268,3.0
1775107180.7660532,3.0
1775107180.7777927,3.0
1775107180.7895205,3.0
1775107180.801282,3.0
1775107180.813067,3.0
1775107180.8247778,3.0
1775107180.8365314,3.0
1775107180.8482885,3.0
1775107180.8600206,3.0
1775107180.871777,3.0
1775107180.883515,3.0
1775107180.895256,3.0
1775107180.9069638,3.0
1775107180.9186752,3.0
1775107180.9304068,3.0
1775107180.9421222,3.0
1775107180.9538467,3.0
1775107180.9656012,3.0
1775107180.9773536,3.0
1775107180.9896421,3.0
1775107181.001386,3.0
1775107181.0130649,3.0
1775107181.0248566,3.0
1775107181.0365949,3.0
1775107181.048373,3.0
1775107181.0600932,3.0
1775107181.0718272,3.0
1775107181.0835443,3.0
1775107181.0952451,3.0
1775107181.1082609,3.0
1775107181.1200483,3.0
1775107181.1317546,3.0
1775107181.1435022,3.0
1775107181.1552174,3.0
1775107181.1669626,3.0
1775107181.1787536,3.0
1775107181.1904716,3.0
1775107181.2022133,3.0
1775107181.2139318,3.0
1775107181.2256546,3.0
1775107181.237395,3.0
1775107181.2491248,3.0
1775107181.2608268,3.0
1775107181.2725399,3.0
1775107181.2842808,3.0
1775107181.2960205,3.0
1775107181.3076997,3.0
1775107181.31945,3.0
1775107181.331161,3.0
1775107181.3429022,3.0
1775107181.3546188,3.0
1775107181.366372,3.0
1775107181.378043,3.0
1775107181.3897524,3.0
1775107181.4015384,3.0
1775107181.4134374,3.0
1775107181.4251325,3.0
1775107181.4369175,3.0
1775107181.4489353,3.0
1775107181.4606767,3.0
1775107181.4725084,3.0
1775107181.4842465,3.0
1775107181.4960585,3.0
1775107181.5077806,3.0
1775107181.5195324,3.0
1775107181.531282,3.0
1775107181.5430212,3.0
1775107181.550918,2.0
