time,value
1774899342.247249,1.0
1774899342.2645016,1.0
1774899342.281392,1.0
1774899342.298504,1.0
1774899342.3154821,1.0
1774899342.3325098,1.0
1774899342.3495138,1.0
1774899342.3664737,1.0
1774899342.3834498,1.0
1774899342.4005265,1.0
1774899342.417502,1.0
1774899342.4344594,1.0
1774899342.4515305,1.0
1774899342.4685676,1.0
1774899342.4855368,1.0
1774899342.5025175,1.0
1774899342.5194783,1.0
1774899342.5364282,1.0
1774899342.5534146,1.0
1774899342.5703673,1.0
1774899342.5873337,1.0
1774899342.6043098,1.0
1774899342.6212838,1.0
1774899342.6384158,1.0
1774899342.6558542,1.0
1774899342.6728237,1.0
1774899342.6898434,1.0
1774899342.7069051,1.0
1774899342.7239356,1.0
1774899342.7409534,1.0
1774899342.757975,1.0
1774899342.7749805,1.0
1774899342.7918165,1.0
1774899342.808759,1.0
1774899342.8258057,1.0
1774899342.8427954,1.0
1774899342.859788,1.0
1774899342.876946,1.0
1774899342.894022,1.0
1774899342.912047,1.0
1774899342.9302924,1.0
1774899342.9485238,1.0
1774899342.9667785,1.0
1774899342.9850307,1.0
1774899343.0033026,1.0
1774899343.0215392,1.0
1774899343.0398118,1.0
1774899343.05806,1.0
1774899343.07636,1.0
1774899343.094604,1.0
1774899343.1128945,1.0
1774899343.1312354,1.0
1774899343.1494799,1.0
1774899343.167754,1.0
1774899343.1955178,1.0
1774899343.22069,1.0
1774899343.2388535,1.0
1774899343.2571242,1.0
1774899343.2752278,1.0
1774899343.293688,1.0
1774899343.3119714,1.0
1774899343.3301592,1.0
1774899343.348292,1.0
1774899343.3664918,1.0
1774899343.3846495,1.0
1774899343.4027877,1.0
1774899343.4209301,1.0
1774899343.4390717,1.0
1774899343.4572039,1.0
1774899343.4754558,1.0
1774899343.4935691,1.0
1774899343.5117188,1.0
1774899343.5299485,1.0
1774899343.5480988,1.0
1774899343.5662205,1.0
1774899343.5843654,1.0
1774899343.602502,1.0
1774899343.6206508,1.0
1774899343.6388042,1.0
1774899343.6569078,1.0
1774899343.6751919,1.0
1774899343.693322,1.0
1774899343.7114496,1.0
1774899343.7295876,1.0
1774899343.7477288,1.0
1774899343.7658856,1.0
1774899343.7840364,1.0
1774899343.802133,1.0
1774899343.820335,1.0
1774899343.8387358,1.0
1774899343.8568609,1.0
1774899343.875085,1.0
1774899343.893226,1.0
1774899343.9114876,1.0
1774899343.9296563,1.0
1774899343.9477777,1.0
1774899343.9659371,1.0
1774899343.9840486,1.0
1774899344.0021973,1.0
1774899344.020419,1.0
1774899344.0385807,1.0
1774899344.056726,1.0
1774899344.0751264,1.0
1774899344.0932817,1.0
1774899344.1114373,1.0
1774899344.1296148,1.0
1774899344.147904,1.0
1774899344.166007,1.0
1774899344.1849477,1.0
1774899344.2204664,1.0
1774899344.23856,1.0
1774899344.2569065,1.0
1774899344.2751126,1.0
1774899344.2934697,1.0
1774899344.3115785,1.0
1774899344.3299232,1.0
1774899344.3481715,1.0
1774899344.3663015,1.0
1774899344.3843942,1.0
1774899344.402507,1.0
1774899344.420592,1.0
1774899344.4388762,1.0
1774899344.4569983,1.0
1774899344.475287,1.0
1774899344.493487,1.0
1774899344.511723,1.0
1774899344.5299907,1.0
1774899344.548194,1.0
1774899344.5664377,1.0
1774899344.5846553,1.0
1774899344.6028485,1.0
1774899344.621081,1.0
1774899344.639343,1.0
1774899344.6576047,1.0
1774899344.675866,1.0
1774899344.69405,1.0
1774899344.7123437,1.0
1774899344.7305663,1.0
1774899344.7487774,1.0
1774899344.7669597,1.0
1774899344.78519,1.0
1774899344.8034148,1.0
1774899344.8216693,1.0
1774899344.8402045,1.0
1774899344.8584154,1.0
1774899344.8766387,1.0
1774899344.8948417,1.0
1774899344.913141,1.0
1774899344.9313905,1.0
1774899344.9496028,1.0
1774899344.9680343,1.0
1774899344.986144,1.0
1774899345.0042324,1.0
1774899345.022534,1.0
1774899345.0406404,1.0
1774899345.0587444,1.0
1774899345.0769675,1.0
1774899345.0950758,1.0
1774899345.1132817,1.0
1774899345.1314516,1.0
1774899345.1498055,1.0
1774899345.1679385,1.0
1774899345.186712,1.0
1774899345.2214653,1.0
1774899345.2396343,1.0
1774899345.2580311,1.0
1774899345.276335,1.0
1774899345.2948008,1.0
1774899345.3130457,1.0
1774899345.3312685,1.0
1774899345.3493917,1.0
1774899345.367524,1.0
1774899345.3856738,1.0
1774899345.4039197,1.0
1774899345.4221272,1.0
1774899345.4402597,1.0
1774899345.4583945,1.0
1774899345.4769204,1.0
1774899345.495055,1.0
1774899345.5132194,1.0
1774899345.531431,1.0
1774899345.5495636,1.0
1774899345.567846,1.0
1774899345.5859723,1.0
1774899345.6040678,1.0
1774899345.6222332,1.0
1774899345.6403406,1.0
1774899345.6585112,1.0
1774899345.676634,1.0
1774899345.6947796,1.0
1774899345.7128828,1.0
1774899345.7309577,1.0
1774899345.7492306,1.0
1774899345.7673547,1.0
1774899345.7855914,1.0
1774899345.8038328,1.0
1774899345.8220754,1.0
1774899345.8404486,1.0
1774899345.8585057,1.0
1774899345.8767369,1.0
1774899345.8949478,1.0
1774899345.913131,1.0
1774899345.9313326,1.0
1774899345.9495888,1.0
1774899345.9677575,1.0
1774899345.985941,1.0
1774899346.0041406,1.0
1774899346.022374,1.0
1774899346.0406709,1.0
1774899346.05894,1.0
1774899346.0773165,1.0
1774899346.095502,1.0
1774899346.113674,1.0
1774899346.132044,1.0
1774899346.1502512,1.0
1774899346.1684055,1.0
1774899346.1888354,1.0
1774899346.2097213,1.0
1774899346.228049,1.0
1774899346.2463229,1.0
1774899346.2649715,1.0
1774899346.2833982,1.0
1774899346.3016822,1.0
1774899346.3199062,1.0
1774899346.338107,1.0
1774899346.3563418,1.0
1774899346.3745308,1.0
1774899346.3928459,1.0
1774899346.411075,1.0
1774899346.429363,1.0
1774899346.4475698,1.0
1774899346.4657507,1.0
1774899346.4840546,1.0
1774899346.50229,1.0
1774899346.5205193,1.0
1774899346.538703,1.0
1774899346.5569174,1.0
1774899346.5750563,1.0
1774899346.5932574,1.0
1774899346.6115243,1.0
1774899346.6295884,1.0
1774899346.6477463,1.0
1774899346.6661413,1.0
1774899346.6843085,1.0
1774899346.7024767,1.0
1774899346.7206397,1.0
1774899346.7388513,1.0
1774899346.757069,1.0
1774899346.7752492,1.0
1774899346.7934127,1.0
1774899346.8117993,1.0
1774899346.830326,1.0
1774899346.8484454,1.0
1774899346.86662,1.0
1774899346.8847964,1.0
1774899346.9030523,1.0
1774899346.9212065,1.0
1774899346.9393866,1.0
1774899346.957639,1.0
1774899346.975795,1.0
1774899346.9939344,1.0
1774899347.0121424,1.0
1774899347.0303032,1.0
1774899347.048409,1.0
1774899347.066588,1.0
1774899347.0847638,1.0
1774899347.103063,1.0
1774899347.121168,1.0
1774899347.1392677,1.0
1774899347.157561,1.0
1774899347.1756778,1.0
1774899347.195662,1.0
1774899347.2141218,1.0
1774899347.23225,1.0
1774899347.2507327,1.0
1774899347.2689142,1.0
1774899347.2874377,1.0
1774899347.3055444,1.0
1774899347.3238623,1.0
1774899347.3418877,1.0
1774899347.3599372,1.0
1774899347.3781123,1.0
1774899347.396095,1.0
1774899347.4143484,1.0
1774899347.4324045,1.0
1774899347.4504452,1.0
1774899347.468478,1.0
1774899347.4867225,1.0
1774899347.504764,1.0
1774899347.5229614,1.0
1774899347.5410132,1.0
1774899347.55921,1.0
1774899347.5772157,1.0
1774899347.5952585,1.0
1774899347.6133435,1.0
1774899347.6314125,1.0
1774899347.6494412,1.0
1774899347.6677299,1.0
1774899347.6858337,1.0
1774899347.7038968,1.0
1774899347.7219973,1.0
1774899347.7401552,1.0
1774899347.758234,1.0
1774899347.776347,1.0
1774899347.7944086,1.0
1774899347.812495,1.0
1774899347.8308787,1.0
1774899347.8489485,1.0
1774899347.8670647,1.0
1774899347.8851953,1.0
1774899347.9033577,1.0
1774899347.9214327,1.0
1774899347.9395044,1.0
1774899347.957578,1.0
1774899347.975637,1.0
1774899347.9937427,1.0
1774899348.0118127,1.0
1774899348.0299032,1.0
1774899348.0479832,1.0
1774899348.066091,1.0
1774899348.0842102,1.0
1774899348.1022074,1.0
1774899348.120297,1.0
1774899348.1383288,1.0
1774899348.1565893,1.0
1774899348.1748896,1.0
1774899348.1953633,1.0
1774899348.213992,1.0
1774899348.232057,1.0
1774899348.2505078,1.0
1774899348.268624,1.0
1774899348.287097,1.0
1774899348.305681,1.0
1774899348.3238494,1.0
1774899348.341983,1.0
1774899348.3601804,1.0
1774899348.3783429,1.0
1774899348.396477,1.0
1774899348.4148228,1.0
1774899348.4330075,1.0
1774899348.4511917,1.0
1774899348.4693842,1.0
1774899348.4875212,1.0
1774899348.5057018,1.0
1774899348.5238466,1.0
1774899348.542017,1.0
1774899348.5602274,1.0
1774899348.5783868,1.0
1774899348.5967438,1.0
1774899348.6149504,1.0
1774899348.6331882,1.0
1774899348.6513946,1.0
1774899348.6695223,1.0
1774899348.6877644,1.0
1774899348.7059414,1.0
1774899348.724043,1.0
1774899348.7422183,1.0
1774899348.76363,1.0
1774899348.781795,1.0
1774899348.7999554,1.0
1774899348.8181493,1.0
1774899348.8365123,1.0
1774899348.8546927,1.0
1774899348.872931,1.0
1774899348.8911011,1.0
1774899348.9092886,1.0
1774899348.9274406,1.0
1774899348.9455724,1.0
1774899348.9637573,1.0
1774899348.981876,1.0
1774899349.0000556,1.0
1774899349.0182776,1.0
1774899349.0363843,1.0
1774899349.0545547,1.0
1774899349.0728402,1.0
1774899349.0909789,1.0
1774899349.1091986,1.0
1774899349.1273303,1.0
1774899349.1457074,1.0
1774899349.1637971,1.0
1774899349.1838548,1.0
1774899349.2028034,1.0
1774899349.2213545,1.0
1774899349.2394953,1.0
1774899349.257737,1.0
1774899349.275888,1.0
1774899349.2942395,1.0
1774899349.3126163,1.0
1774899349.3307984,1.0
1774899349.3489888,1.0
1774899349.3671567,1.0
1774899349.3853443,1.0
1774899349.403509,1.0
1774899349.421825,1.0
1774899349.4399757,1.0
1774899349.4581497,1.0
1774899349.4763238,1.0
1774899349.4944537,1.0
1774899349.512625,1.0
1774899349.5307379,1.0
1774899349.5490263,1.0
1774899349.5672224,1.0
1774899349.5853631,1.0
1774899349.6037376,1.0
1774899349.6219037,1.0
1774899349.640082,1.0
1774899349.6582253,1.0
1774899349.6764345,1.0
1774899349.6945388,1.0
1774899349.712675,1.0
1774899349.7308457,1.0
1774899349.7489908,1.0
1774899349.7671914,1.0
1774899349.78534,1.0
1774899349.8035939,1.0
1774899349.8217564,1.0
1774899349.840044,1.0
1774899349.8582034,1.0
1774899349.876517,1.0
1774899349.894683,1.0
1774899349.9128845,1.0
1774899349.9310322,1.0
1774899349.949174,1.0
1774899349.9673452,1.0
1774899349.9854739,1.0
1774899350.0038078,1.0
1774899350.021919,1.0
1774899350.040141,1.0
1774899350.0583365,1.0
1774899350.0765193,1.0
1774899350.0948434,1.0
1774899350.1130004,1.0
1774899350.1311321,1.0
1774899350.1494648,1.0
1774899350.167634,1.0
1774899350.1867821,1.0
1774899350.220588,1.0
1774899350.2386353,1.0
1774899350.2569888,1.0
1774899350.2751646,1.0
1774899350.2937634,1.0
1774899350.3118966,1.0
1774899350.3301136,1.0
1774899350.3487954,1.0
1774899350.3669083,1.0
1774899350.385043,1.0
1774899350.4031494,1.0
1774899350.4213371,1.0
1774899350.4395099,1.0
1774899350.4576993,1.0
1774899350.4760718,1.0
1774899350.4942365,1.0
1774899350.512384,1.0
1774899350.5305645,1.0
1774899350.5487003,1.0
1774899350.5668612,1.0
1774899350.5850234,1.0
1774899350.603167,1.0
1774899350.6214085,1.0
1774899350.63951,1.0
1774899350.6575904,1.0
1774899350.675786,1.0
1774899350.6938934,1.0
1774899350.7120779,1.0
1774899350.7302299,1.0
1774899350.748423,1.0
1774899350.7667744,1.0
1774899350.784955,1.0
1774899350.8030746,1.0
1774899350.821218,1.0
1774899350.8396873,1.0
1774899350.8578053,1.0
1774899350.8761504,1.0
1774899350.8942685,1.0
1774899350.9125373,1.0
1774899350.9306774,1.0
1774899350.949043,1.0
1774899350.96719,1.0
1774899350.9853628,1.0
1774899351.0035133,1.0
1774899351.0218217,1.0
1774899351.0399418,1.0
1774899351.0581765,1.0
1774899351.076389,1.0
1774899351.0945525,1.0
1774899351.11272,1.0
1774899351.1308918,1.0
1774899351.1490622,1.0
1774899351.1674445,1.0
1774899351.1862502,1.0
1774899351.2048259,1.0
1774899351.2235072,1.0
1774899351.2416005,1.0
1774899351.2601237,1.0
1774899351.278536,1.0
1774899351.2971494,1.0
1774899351.3154676,1.0
1774899351.333777,1.0
1774899351.3519628,1.0
1774899351.3701506,1.0
1774899351.3882968,1.0
1774899351.4064565,1.0
1774899351.4246526,1.0
1774899351.4427965,1.0
1774899351.460984,1.0
1774899351.4792917,1.0
1774899351.4976559,1.0
1774899351.5158594,1.0
1774899351.5340176,1.0
1774899351.5523577,1.0
1774899351.5705793,1.0
1774899351.5887573,1.0
1774899351.6070478,1.0
1774899351.6252823,1.0
1774899351.6433675,1.0
1774899351.6615295,1.0
1774899351.6796744,1.0
1774899351.697859,1.0
1774899351.716056,1.0
1774899351.7342124,1.0
1774899351.7524002,1.0
1774899351.7705715,1.0
1774899351.7887516,1.0
1774899351.8068569,1.0
1774899351.8250751,1.0
1774899351.8433437,1.0
1774899351.8614218,1.0
1774899351.8795545,1.0
1774899351.897722,1.0
1774899351.9158344,1.0
1774899351.933964,1.0
1774899351.9521024,1.0
1774899351.9702208,1.0
1774899351.9883301,1.0
1774899352.0064342,1.0
1774899352.0245683,1.0
1774899352.0429046,1.0
1774899352.061004,1.0
1774899352.079175,1.0
1774899352.0972557,1.0
1774899352.1153576,1.0
1774899352.1334448,1.0
1774899352.1515408,1.0
1774899352.1696873,1.0
1774899352.189488,1.0
1774899352.207866,1.0
1774899352.2436507,1.0
1774899352.261873,1.0
1774899352.280083,1.0
1774899352.2984807,1.0
1774899352.316662,1.0
1774899352.3348892,1.0
1774899352.353053,1.0
1774899352.371178,1.0
1774899352.3893323,1.0
1774899352.40776,1.0
1774899352.426011,1.0
1774899352.444171,1.0
1774899352.4623234,1.0
1774899352.4805014,1.0
1774899352.4986653,1.0
1774899352.5168414,1.0
1774899352.5350275,1.0
1774899352.5531857,1.0
1774899352.5713115,1.0
1774899352.5894325,1.0
1774899352.607612,1.0
1774899352.6259837,1.0
1774899352.6441271,1.0
1774899352.6622725,1.0
1774899352.680713,1.0
1774899352.6990123,1.0
1774899352.717223,1.0
1774899352.735389,1.0
1774899352.753587,1.0
1774899352.7717123,1.0
1774899352.7900155,1.0
1774899352.8081312,1.0
1774899352.8263352,1.0
1774899352.8444674,1.0
1774899352.8625634,1.0
1774899352.8807516,1.0
1774899352.8989787,1.0
1774899352.9171154,1.0
1774899352.9352553,1.0
1774899352.9534433,1.0
1774899352.9719923,1.0
1774899352.9901538,1.0
1774899353.0083303,1.0
1774899353.0264523,1.0
1774899353.044657,1.0
1774899353.062823,1.0
1774899353.080979,1.0
1774899353.0991695,1.0
1774899353.1174858,1.0
1774899353.135619,1.0
1774899353.1539004,1.0
1774899353.172075,1.0
1774899353.1913729,1.0
1774899353.2097747,1.0
1774899353.2277312,1.0
1774899353.2460074,1.0
1774899353.2640653,1.0
1774899353.282528,1.0
1774899353.3006916,1.0
1774899353.318895,1.0
1774899353.3370762,1.0
1774899353.3551564,1.0
1774899353.3733785,1.0
1774899353.391573,1.0
1774899353.4096599,1.0
1774899353.4277518,1.0
1774899353.4459605,1.0
1774899353.4640589,1.0
1774899353.4823234,1.0
1774899353.500381,1.0
1774899353.5185285,1.0
1774899353.5366359,1.0
1774899353.5547776,1.0
1774899353.5728538,1.0
1774899353.591026,1.0
1774899353.6091335,1.0
1774899353.6273057,1.0
1774899353.64535,1.0
1774899353.6634445,1.0
1774899353.681582,1.0
1774899353.6997344,1.0
1774899353.7178714,1.0
1774899353.7359219,1.0
1774899353.7540846,1.0
1774899353.7723002,1.0
1774899353.7904174,1.0
1774899353.808591,1.0
1774899353.8267856,1.0
1774899353.8448458,1.0
1774899353.8629835,1.0
1774899353.8811586,1.0
1774899353.8993225,1.0
1774899353.9176745,1.0
1774899353.9359422,1.0
1774899353.9541929,1.0
1774899353.9724178,1.0
1774899353.9907184,1.0
1774899354.0090132,1.0
1774899354.0272696,1.0
1774899354.0454974,1.0
1774899354.0637863,1.0
1774899354.0820842,1.0
1774899354.1002953,1.0
1774899354.1185393,1.0
1774899354.1368,1.0
1774899354.1552162,1.0
1774899354.1734018,1.0
1774899354.19319,1.0
1774899354.2116156,1.0
1774899354.2297652,1.0
1774899354.248054,1.0
1774899354.2664278,1.0
1774899354.2848403,1.0
1774899354.3033297,1.0
1774899354.3215315,1.0
1774899354.3396864,1.0
1774899354.3578975,1.0
1774899354.3762379,1.0
1774899354.3944538,1.0
1774899354.4294763,1.0
1774899354.44782,1.0
1774899354.466069,1.0
1774899354.4843721,1.0
1774899354.502688,1.0
1774899354.520944,1.0
1774899354.5391536,1.0
1774899354.5574033,1.0
1774899354.575717,1.0
1774899354.5939922,1.0
1774899354.6122234,1.0
1774899354.6307104,1.0
1774899354.6489859,1.0
1774899354.6672556,1.0
1774899354.6856601,1.0
1774899354.7039073,1.0
1774899354.7221212,1.0
1774899354.740379,1.0
1774899354.758578,1.0
1774899354.7768893,1.0
1774899354.795081,1.0
1774899354.8135285,1.0
1774899354.8320565,1.0
1774899354.8502505,1.0
1774899354.8684783,1.0
1774899354.8868897,1.0
1774899354.9053,1.0
1774899354.9235451,1.0
1774899354.9417527,1.0
1774899354.9599237,1.0
1774899354.9781513,1.0
1774899354.9964223,1.0
1774899355.0145197,1.0
1774899355.0327523,1.0
1774899355.0510206,1.0
1774899355.0693657,1.0
1774899355.0876844,1.0
1774899355.1058822,1.0
1774899355.1240077,1.0
1774899355.1422045,1.0
1774899355.1603856,1.0
1774899355.1796818,1.0
1774899355.198103,1.0
1774899355.216547,1.0
1774899355.2347984,1.0
1774899355.2530706,1.0
1774899355.2711952,1.0
1774899355.2894957,1.0
1774899355.307685,1.0
1774899355.3260949,1.0
1774899355.3444533,1.0
1774899355.3625674,1.0
1774899355.3807611,1.0
1774899355.399077,1.0
1774899355.417261,1.0
1774899355.4353762,1.0
1774899355.4537175,1.0
1774899355.4719787,1.0
1774899355.4901466,1.0
1774899355.5083015,1.0
1774899355.526472,1.0
1774899355.5446365,1.0
1774899355.562751,1.0
1774899355.5809095,1.0
1774899355.5990822,1.0
1774899355.6172864,1.0
1774899355.6354198,1.0
1774899355.65361,1.0
1774899355.6717198,1.0
1774899355.6898818,1.0
1774899355.7080379,1.0
1774899355.727726,1.0
1774899355.7458982,1.0
1774899355.7640944,1.0
1774899355.7822158,1.0
1774899355.8004665,1.0
1774899355.818585,1.0
1774899355.8368354,1.0
1774899355.8549592,1.0
1774899355.8731415,1.0
1774899355.8914,1.0
1774899355.9097378,1.0
1774899355.927831,1.0
1774899355.946118,1.0
1774899355.964225,1.0
1774899355.982379,1.0
1774899356.0004847,1.0
1774899356.01863,1.0
1774899356.0367396,1.0
1774899356.055056,1.0
1774899356.0732305,1.0
1774899356.0913687,1.0
1774899356.1097264,1.0
1774899356.1278224,1.0
1774899356.1459608,1.0
1774899356.1641488,1.0
1774899356.1840549,1.0
1774899356.2021909,1.0
1774899356.2206728,1.0
1774899356.238789,1.0
1774899356.2570686,1.0
1774899356.2752504,1.0
1774899356.2938073,1.0
1774899356.3119285,1.0
1774899356.3300588,1.0
1774899356.3483036,1.0
1774899356.366471,1.0
1774899356.3846426,1.0
1774899356.4029267,1.0
1774899356.4210591,1.0
1774899356.4391975,1.0
1774899356.4573932,1.0
1774899356.4754949,1.0
1774899356.4939432,1.0
1774899356.5121708,1.0
1774899356.5303907,1.0
1774899356.548593,1.0
1774899356.5667713,1.0
1774899356.584881,1.0
1774899356.6032894,1.0
1774899356.6214468,1.0
1774899356.639713,1.0
1774899356.6578693,1.0
1774899356.6760004,1.0
1774899356.6942682,1.0
1774899356.7123888,1.0
1774899356.7308154,1.0
1774899356.748928,1.0
1774899356.767043,1.0
1774899356.785149,1.0
1774899356.8033748,1.0
1774899356.8216054,1.0
1774899356.8399003,1.0
1774899356.8581042,1.0
1774899356.8764164,1.0
1774899356.894713,1.0
1774899356.912979,1.0
1774899356.9311934,1.0
1774899356.9494736,1.0
1774899356.9677045,1.0
1774899356.9859612,1.0
1774899357.0042045,1.0
1774899357.0224833,1.0
1774899357.040656,1.0
1774899357.0587907,1.0
1774899357.0769722,1.0
1774899357.095142,1.0
1774899357.1133163,1.0
1774899357.1315348,1.0
1774899357.1496332,1.0
1774899357.1677754,1.0
1774899357.1878078,1.0
1774899357.20592,1.0
1774899357.2243426,1.0
1774899357.2424862,1.0
1774899357.2607493,1.0
1774899357.2789085,1.0
1774899357.2975543,1.0
1774899357.3156712,1.0
1774899357.3339334,1.0
1774899357.3520935,1.0
1774899357.370233,1.0
1774899357.3883817,1.0
1774899357.4065015,1.0
1774899357.4246497,1.0
1774899357.442793,1.0
1774899357.4610147,1.0
1774899357.4792552,1.0
1774899357.4974022,1.0
1774899357.5155313,1.0
1774899357.5336826,1.0
1774899357.551866,1.0
1774899357.5700305,1.0
1774899357.5882158,1.0
1774899357.6063747,1.0
1774899357.6245198,1.0
1774899357.6426635,1.0
1774899357.6608155,1.0
1774899357.6790383,1.0
1774899357.6971445,1.0
1774899357.715281,1.0
1774899357.7334049,1.0
1774899357.751547,1.0
1774899357.769678,1.0
1774899357.7878056,1.0
1774899357.8059402,1.0
1774899357.8243303,1.0
1774899357.8423555,1.0
1774899357.8605633,1.0
1774899357.8787458,1.0
1774899357.896909,1.0
1774899357.9151604,1.0
1774899357.933363,1.0
1774899357.9515874,1.0
1774899357.9697726,1.0
1774899357.9879646,1.0
1774899358.0061681,1.0
1774899358.0243814,1.0
1774899358.0426056,1.0
1774899358.060794,1.0
1774899358.0789802,1.0
1774899358.0972934,1.0
1774899358.1154761,1.0
1774899358.1334894,1.0
1774899358.1514683,1.0
1774899358.169515,1.0
1774899358.1891413,1.0
1774899358.2076757,1.0
1774899358.225971,1.0
1774899358.2441103,1.0
1774899358.262202,1.0
1774899358.2804697,1.0
1774899358.2986002,1.0
1774899358.3166769,1.0
1774899358.3354316,1.0
1774899358.353514,1.0
1774899358.3715677,1.0
1774899358.3896067,1.0
1774899358.4078333,1.0
1774899358.4258318,1.0
1774899358.4438057,1.0
1774899358.461804,1.0
1774899358.4798038,1.0
1774899358.4978435,1.0
1774899358.5158205,1.0
1774899358.533803,1.0
1774899358.5521045,1.0
1774899358.570166,1.0
1774899358.588297,1.0
1774899358.6064236,1.0
1774899358.6244366,1.0
1774899358.6424446,1.0
1774899358.6604939,1.0
1774899358.6785781,1.0
1774899358.6965892,1.0
1774899358.7146666,1.0
1774899358.7326586,1.0
1774899358.7506592,1.0
1774899358.7686942,1.0
1774899358.7867386,1.0
1774899358.8048146,1.0
1774899358.8228369,1.0
1774899358.8409812,1.0
1774899358.8590355,1.0
1774899358.877056,1.0
1774899358.8951685,1.0
1774899358.913169,1.0
1774899358.931286,1.0
1774899358.9492242,1.0
1774899358.967263,1.0
1774899358.985254,1.0
1774899359.0032663,1.0
1774899359.0212739,1.0
1774899359.0393147,1.0
1774899359.0574431,1.0
1774899359.0754747,1.0
1774899359.0935702,1.0
1774899359.1116264,1.0
1774899359.1297295,1.0
1774899359.1479423,1.0
1774899359.1660836,1.0
1774899359.1849244,1.0
1774899359.2033024,1.0
1774899359.2216923,1.0
1774899359.2397053,1.0
1774899359.2578475,1.0
1774899359.2758248,1.0
1774899359.294115,1.0
1774899359.3122048,1.0
1774899359.3303812,1.0
1774899359.3484466,1.0
1774899359.3664498,1.0
1774899359.384429,1.0
1774899359.402496,1.0
1774899359.4205058,1.0
1774899359.4385295,1.0
1774899359.4566257,1.0
1774899359.474712,1.0
1774899359.4927864,1.0
1774899359.5108125,1.0
1774899359.5288937,1.0
1774899359.5468764,1.0
1774899359.564865,1.0
1774899359.582952,1.0
1774899359.600964,1.0
1774899359.6190555,1.0
1774899359.6370804,1.0
1774899359.6551063,1.0
1774899359.6730692,1.0
1774899359.6911805,1.0
1774899359.7091806,1.0
1774899359.727206,1.0
1774899359.7451653,1.0
1774899359.7632773,1.0
1774899359.7814739,1.0
1774899359.7997456,1.0
1774899359.8178968,1.0
1774899359.8360858,1.0
1774899359.8542333,1.0
1774899359.8723178,1.0
1774899359.8905716,1.0
1774899359.9086452,1.0
1774899359.9267788,1.0
1774899359.944878,1.0
1774899359.9629936,1.0
1774899359.9810963,1.0
1774899359.9992218,1.0
1774899360.0173385,1.0
1774899360.0354607,1.0
1774899360.0535283,1.0
1774899360.0717413,1.0
1774899360.0898166,1.0
1774899360.1078851,1.0
1774899360.1259902,1.0
1774899360.14407,1.0
1774899360.162201,1.0
1774899360.1808934,1.0
1774899360.1994288,1.0
1774899360.2183528,1.0
1774899360.236467,1.0
1774899360.2549067,1.0
1774899360.2730625,1.0
1774899360.2915175,1.0
1774899360.309751,1.0
1774899360.3278892,1.0
1774899360.346049,1.0
1774899360.3642378,1.0
1774899360.3823893,1.0
1774899360.400539,1.0
1774899360.418683,1.0
1774899360.4368486,1.0
1774899360.4550514,1.0
1774899360.4732683,1.0
1774899360.4914296,1.0
1774899360.509603,1.0
1774899360.5277772,1.0
1774899360.56271,1.0
1774899360.5806522,1.0
1774899360.599309,1.0
1774899360.6174865,1.0
1774899360.6356897,1.0
1774899360.6539059,1.0
1774899360.6720178,1.0
1774899360.690387,1.0
1774899360.7085395,1.0
1774899360.7267678,1.0
1774899360.7449188,1.0
1774899360.7630742,1.0
1774899360.781209,1.0
1774899360.7994924,1.0
1774899360.81766,1.0
1774899360.8359795,1.0
1774899360.8541532,1.0
1774899360.8723292,1.0
1774899360.8907163,1.0
1774899360.9087832,1.0
1774899360.9269269,1.0
1774899360.9450889,1.0
1774899360.9632318,1.0
1774899360.9813855,1.0
1774899360.9995022,1.0
1774899361.0176852,1.0
1774899361.0358987,1.0
1774899361.054123,1.0
1774899361.0722263,1.0
1774899361.0904174,1.0
1774899361.1085653,1.0
1774899361.1267564,1.0
1774899361.144909,1.0
1774899361.163061,1.0
1774899361.1817024,1.0
1774899361.2003653,1.0
1774899361.2191415,1.0
1774899361.2372196,1.0
1774899361.2554908,1.0
1774899361.2735865,1.0
1774899361.2920132,1.0
1774899361.3103266,1.0
1774899361.328613,1.0
1774899361.346668,1.0
1774899361.3647954,1.0
1774899361.3830175,1.0
1774899361.4012284,1.0
1774899361.4193466,1.0
1774899361.4375093,1.0
1774899361.4556055,1.0
1774899361.4736989,1.0
1774899361.4919693,1.0
1774899361.5101001,1.0
1774899361.528216,1.0
1774899361.5463521,1.0
1774899361.564654,1.0
1774899361.582719,1.0
1774899361.6008866,1.0
1774899361.619011,1.0
1774899361.637069,1.0
1774899361.6552045,1.0
1774899361.6733356,1.0
1774899361.691479,1.0
1774899361.7096312,1.0
1774899361.72772,1.0
1774899361.7458293,1.0
1774899361.763954,1.0
1774899361.7820961,1.0
1774899361.8001912,1.0
1774899361.8183453,1.0
1774899361.8366199,1.0
1774899361.854748,1.0
1774899361.8729694,1.0
1774899361.891124,1.0
1774899361.9092803,1.0
1774899361.9273677,1.0
1774899361.9454756,1.0
1774899361.963628,1.0
1774899361.9817646,1.0
1774899361.9999084,1.0
1774899362.0180035,1.0
1774899362.0361629,1.0
1774899362.054297,1.0
1774899362.0724583,1.0
1774899362.0906136,1.0
1774899362.1087072,1.0
1774899362.126875,1.0
1774899362.1449718,1.0
1774899362.1630666,1.0
1774899362.1812003,1.0
1774899362.2002864,1.0
1774899362.2190697,1.0
1774899362.2371628,1.0
1774899362.2554672,1.0
1774899362.2736282,1.0
1774899362.2920275,1.0
1774899362.3103259,1.0
1774899362.328458,1.0
1774899362.3465798,1.0
1774899362.3647194,1.0
1774899362.3829522,1.0
1774899362.401191,1.0
1774899362.4193108,1.0
1774899362.4374394,1.0
1774899362.4555519,1.0
1774899362.473629,1.0
1774899362.4917743,1.0
1774899362.5098753,1.0
1774899362.5280054,1.0
1774899362.5461764,1.0
1774899362.56426,1.0
1774899362.5823693,1.0
1774899362.6005092,1.0
1774899362.6189063,1.0
1774899362.6374624,1.0
1774899362.6555552,1.0
1774899362.6736538,1.0
1774899362.691835,1.0
1774899362.7100039,1.0
1774899362.728458,1.0
1774899362.7482505,1.0
1774899362.7663043,1.0
1774899362.7844164,1.0
1774899362.8025002,1.0
1774899362.8205714,1.0
1774899362.8388658,1.0
1774899362.8570197,1.0
1774899362.8751087,1.0
1774899362.8933535,1.0
1774899362.9114532,1.0
1774899362.9297097,1.0
1774899362.947804,1.0
1774899362.965878,1.0
1774899362.9840143,1.0
1774899363.002101,1.0
1774899363.0202224,1.0
1774899363.0383189,1.0
1774899363.056438,1.0
1774899363.0746064,1.0
1774899363.092768,1.0
1774899363.110846,1.0
1774899363.1289444,1.0
1774899363.1471243,1.0
1774899363.1651838,1.0
1774899363.2006807,1.0
1774899363.2194276,1.0
1774899363.237481,1.0
1774899363.255862,1.0
1774899363.2740412,1.0
1774899363.2923994,1.0
1774899363.3105683,1.0
1774899363.3291578,1.0
1774899363.3472638,1.0
1774899363.3654046,1.0
1774899363.3835754,1.0
1774899363.401695,1.0
1774899363.4198458,1.0
1774899363.4380765,1.0
1774899363.4562728,1.0
1774899363.4744515,1.0
1774899363.4925487,1.0
1774899363.5106738,1.0
1774899363.5288453,1.0
1774899363.5470614,1.0
1774899363.5651891,1.0
1774899363.5833483,1.0
1774899363.6014497,1.0
1774899363.6194985,1.0
1774899363.6374834,1.0
1774899363.6554456,1.0
1774899363.6734653,1.0
1774899363.6915052,1.0
1774899363.7094512,1.0
1774899363.727504,1.0
1774899363.745673,1.0
1774899363.7638302,1.0
1774899363.781932,1.0
1774899363.8000498,1.0
1774899363.8182225,1.0
1774899363.8365452,1.0
1774899363.8546255,1.0
1774899363.872833,1.0
1774899363.8910398,1.0
1774899363.9091456,1.0
1774899363.927277,1.0
1774899363.9453435,1.0
1774899363.9635339,1.0
1774899363.9816978,1.0
1774899363.9998507,1.0
1774899364.0179305,1.0
1774899364.0360274,1.0
1774899364.0541437,1.0
1774899364.0722332,1.0
1774899364.0904448,1.0
1774899364.108542,1.0
1774899364.1267364,1.0
1774899364.1448483,1.0
1774899364.162962,1.0
1774899364.1824265,1.0
1774899364.2008853,1.0
1774899364.2196894,1.0
1774899364.237769,1.0
1774899364.2563033,1.0
1774899364.274368,1.0
1774899364.2925577,1.0
1774899364.3107607,1.0
1774899364.3288863,1.0
1774899364.347063,1.0
1774899364.3651762,1.0
1774899364.3832724,1.0
1774899364.401385,1.0
1774899364.4195027,1.0
1774899364.437689,1.0
1774899364.4559276,1.0
1774899364.4740167,1.0
1774899364.4922395,1.0
1774899364.510344,1.0
1774899364.5284781,1.0
1774899364.546591,1.0
1774899364.5648768,1.0
1774899364.583006,1.0
1774899364.6011052,1.0
1774899364.6193616,1.0
1774899364.6374907,1.0
1774899364.655656,1.0
1774899364.6737633,1.0
1774899364.6921191,1.0
1774899364.710193,1.0
1774899364.7282693,1.0
1774899364.746434,1.0
1774899364.7647307,1.0
1774899364.7827902,1.0
1774899364.800859,1.0
1774899364.8190117,1.0
1774899364.8373096,1.0
1774899364.8553438,1.0
1774899364.8902156,1.0
1774899364.9083617,1.0
1774899364.9265704,1.0
1774899364.9446964,1.0
1774899364.9629257,1.0
1774899364.9810102,1.0
1774899364.9991238,1.0
1774899365.0172007,1.0
1774899365.0353134,1.0
1774899365.0534337,1.0
1774899365.0715342,1.0
1774899365.0898097,1.0
1774899365.107953,1.0
1774899365.1260853,1.0
1774899365.1441994,1.0
1774899365.1623204,1.0
1774899365.1809607,1.0
1774899365.1997879,1.0
1774899365.2182744,1.0
1774899365.2366092,1.0
1774899365.2550383,1.0
1774899365.2731645,1.0
1774899365.2915075,1.0
1774899365.309747,1.0
1774899365.3279133,1.0
1774899365.346122,1.0
1774899365.3643095,1.0
1774899365.3824193,1.0
1774899365.4005387,1.0
1774899365.4185867,1.0
1774899365.4366708,1.0
1774899365.4547677,1.0
1774899365.4731326,1.0
1774899365.4912667,1.0
1774899365.5094311,1.0
1774899365.5275261,1.0
1774899365.545658,1.0
1774899365.564025,1.0
1774899365.582163,1.0
1774899365.6003006,1.0
1774899365.618423,1.0
1774899365.636501,1.0
1774899365.6546168,1.0
1774899365.6727076,1.0
1774899365.6908545,1.0
1774899365.70885,1.0
1774899365.7269897,1.0
1774899365.7450926,1.0
1774899365.7631838,1.0
1774899365.781279,1.0
1774899365.799399,1.0
1774899365.8174794,1.0
1774899365.8359594,1.0
1774899365.8540263,1.0
1774899365.8721673,1.0
1774899365.8902287,1.0
1774899365.908376,1.0
1774899365.9264708,1.0
1774899365.9446042,1.0
1774899365.9626594,1.0
1774899365.9807296,1.0
1774899365.9988315,1.0
1774899366.0169213,1.0
1774899366.035002,1.0
1774899366.053179,1.0
1774899366.0712156,1.0
1774899366.0892978,1.0
1774899366.1074495,1.0
1774899366.1255631,1.0
1774899366.1436532,1.0
1774899366.161708,1.0
1774899366.1807585,1.0
1774899366.199729,1.0
1774899366.2181451,1.0
1774899366.2364767,1.0
1774899366.2546308,1.0
1774899366.2727394,1.0
1774899366.291432,1.0
1774899366.3097546,1.0
1774899366.327819,1.0
1774899366.3461003,1.0
1774899366.364213,1.0
1774899366.3823242,1.0
1774899366.400343,1.0
1774899366.418477,1.0
1774899366.4365392,1.0
1774899366.45468,1.0
1774899366.472748,1.0
1774899366.490767,1.0
1774899366.5089095,1.0
1774899366.527076,1.0
1774899366.5451407,1.0
1774899366.563277,1.0
1774899366.581311,1.0
1774899366.5993903,1.0
1774899366.6174197,1.0
1774899366.6354854,1.0
1774899366.6537619,1.0
1774899366.6718266,1.0
1774899366.6899579,1.0
1774899366.708059,1.0
1774899366.7261114,1.0
1774899366.7445493,1.0
1774899366.7629285,1.0
1774899366.7809987,1.0
1774899366.7991357,1.0
1774899366.8172033,1.0
1774899366.835464,1.0
1774899366.853562,1.0
1774899366.8718061,1.0
1774899366.8899481,1.0
1774899366.9081469,1.0
1774899366.926308,1.0
1774899366.9444294,1.0
1774899366.9627528,1.0
1774899366.980858,1.0
1774899366.9989257,1.0
1774899367.0170858,1.0
1774899367.0352101,1.0
1774899367.0533764,1.0
1774899367.0714352,1.0
1774899367.0895674,1.0
1774899367.1077862,1.0
1774899367.125928,1.0
1774899367.1440017,1.0
1774899367.1621194,1.0
1774899367.181085,1.0
1774899367.1994503,1.0
1774899367.2181177,1.0
1774899367.236539,1.0
1774899367.2549586,1.0
1774899367.2730584,1.0
1774899367.2914774,1.0
1774899367.3098688,1.0
1774899367.3280454,1.0
1774899367.346281,1.0
1774899367.3643117,1.0
1774899367.3823838,1.0
1774899367.4005291,1.0
1774899367.418647,1.0
1774899367.4367788,1.0
1774899367.4549253,1.0
1774899367.4730458,1.0
1774899367.4911857,1.0
1774899367.5093837,1.0
1774899367.527482,1.0
1774899367.5456219,1.0
1774899367.563728,1.0
1774899367.5821517,1.0
1774899367.6002269,1.0
1774899367.61833,1.0
1774899367.6364849,1.0
1774899367.654583,1.0
1774899367.6727114,1.0
1774899367.691055,1.0
1774899367.7091494,1.0
1774899367.7272213,1.0
1774899367.7453644,1.0
1774899367.7634618,1.0
1774899367.7815452,1.0
1774899367.7996237,1.0
1774899367.817748,1.0
1774899367.83611,1.0
1774899367.8543358,1.0
1774899367.8724675,1.0
1774899367.8906314,1.0
1774899367.9087524,1.0
1774899367.9268634,1.0
1774899367.945022,1.0
1774899367.9632533,1.0
1774899367.9814363,1.0
1774899367.9995496,1.0
1774899368.0177386,1.0
1774899368.035942,1.0
1774899368.0542965,1.0
1774899368.0723808,1.0
1774899368.0906177,1.0
1774899368.108764,1.0
1774899368.1270604,1.0
1774899368.145293,1.0
1774899368.1633933,1.0
1774899368.1835964,1.0
1774899368.201566,1.0
1774899368.2199667,1.0
1774899368.238338,1.0
1774899368.2567317,1.0
1774899368.2748654,1.0
1774899368.2931616,1.0
1774899368.311469,1.0
1774899368.3296983,1.0
1774899368.3478608,1.0
1774899368.3660426,1.0
1774899368.384174,1.0
1774899368.402368,1.0
1774899368.4205046,1.0
1774899368.4386604,1.0
1774899368.4567416,1.0
1774899368.4748647,1.0
1774899368.4930782,1.0
1774899368.5112512,1.0
1774899368.5294154,1.0
1774899368.5475655,1.0
1774899368.5658565,1.0
1774899368.5839884,1.0
1774899368.602127,1.0
1774899368.6203363,1.0
1774899368.6384523,1.0
1774899368.6565802,1.0
1774899368.6747637,1.0
1774899368.6928837,1.0
1774899368.7110734,1.0
1774899368.7291734,1.0
1774899368.7473702,1.0
1774899368.7654915,1.0
1774899368.7838244,1.0
1774899368.8019795,1.0
1774899368.8201756,1.0
1774899368.8384004,1.0
1774899368.8565683,1.0
1774899368.8747115,1.0
1774899368.8929007,1.0
1774899368.9110126,1.0
1774899368.9291477,1.0
1774899368.947409,1.0
1774899368.96551,1.0
1774899368.9836786,1.0
1774899369.0018265,1.0
1774899369.019942,1.0
1774899369.0380902,1.0
1774899369.0562565,1.0
1774899369.0743945,1.0
1774899369.09252,1.0
1774899369.1106844,1.0
1774899369.1289294,1.0
1774899369.1470702,1.0
1774899369.1653366,1.0
1774899369.1847498,1.0
1774899369.2027771,1.0
1774899369.2211788,1.0
1774899369.2394452,1.0
1774899369.2577379,1.0
1774899369.2758484,1.0
1774899369.2941968,1.0
1774899369.3124127,1.0
1774899369.3305552,1.0
1774899369.3488905,1.0
1774899369.3671045,1.0
1774899369.3851943,1.0
1774899369.4033725,1.0
1774899369.4215088,1.0
1774899369.4396586,1.0
1774899369.4578073,1.0
1774899369.4760487,1.0
1774899369.4941332,1.0
1774899369.512286,1.0
1774899369.5304558,1.0
1774899369.548571,1.0
1774899369.5666716,1.0
1774899369.5848198,1.0
1774899369.6029437,1.0
1774899369.6211598,1.0
1774899369.6393178,1.0
1774899369.6574821,1.0
1774899369.6756618,1.0
1774899369.693858,1.0
1774899369.7119834,1.0
1774899369.7301838,1.0
1774899369.7483122,1.0
1774899369.7664444,1.0
1774899369.784593,1.0
1774899369.8027024,1.0
1774899369.8208745,1.0
1774899369.8391936,1.0
1774899369.85736,1.0
1774899369.8753479,1.0
1774899369.8934507,1.0
1774899369.9119804,1.0
1774899369.9300978,1.0
1774899369.9482865,1.0
1774899369.9664276,1.0
1774899369.9847198,1.0
1774899370.0028756,1.0
1774899370.0210161,1.0
1774899370.0392172,1.0
1774899370.057368,1.0
1774899370.0755157,1.0
1774899370.0936859,1.0
1774899370.1118507,1.0
1774899370.129988,1.0
1774899370.1481526,1.0
1774899370.1663089,1.0
1774899370.1864238,1.0
1774899370.2044907,1.0
1774899370.2228794,1.0
1774899370.2412713,1.0
1774899370.2595704,1.0
1774899370.2777925,1.0
1774899370.2960954,1.0
1774899370.3144805,1.0
1774899370.3326223,1.0
1774899370.350748,1.0
1774899370.3694682,1.0
1774899370.3876154,1.0
1774899370.405747,1.0
1774899370.4240189,1.0
1774899370.4422107,1.0
1774899370.460356,1.0
1774899370.4786115,1.0
1774899370.4967468,1.0
1774899370.5149827,1.0
1774899370.5330896,1.0
1774899370.551216,1.0
1774899370.569375,1.0
1774899370.5875072,1.0
1774899370.605615,1.0
1774899370.623772,1.0
1774899370.6419268,1.0
1774899370.6603372,1.0
1774899370.6784825,1.0
1774899370.6966076,1.0
1774899370.7147408,1.0
1774899370.7329712,1.0
1774899370.7510662,1.0
1774899370.7694693,1.0
1774899370.7875845,1.0
1774899370.8057241,1.0
1774899370.8238814,1.0
1774899370.8426902,1.0
1774899370.8607614,1.0
1774899370.8788881,1.0
1774899370.8969672,1.0
1774899370.9152513,1.0
1774899370.93338,1.0
1774899370.9515076,1.0
1774899370.9696202,1.0
1774899370.9877176,1.0
1774899371.0058007,1.0
1774899371.0239305,1.0
1774899371.042045,1.0
1774899371.0602715,1.0
1774899371.0784621,1.0
1774899371.0965965,1.0
1774899371.1148157,1.0
1774899371.1330013,1.0
1774899371.1512246,1.0
1774899371.1694548,1.0
1774899371.1894572,1.0
1774899371.2078965,1.0
1774899371.227016,1.0
1774899371.2452583,1.0
1774899371.263623,1.0
1774899371.2819848,1.0
1774899371.300445,1.0
1774899371.3188372,1.0
1774899371.3370013,1.0
1774899371.355201,1.0
1774899371.373377,1.0
1774899371.391572,1.0
1774899371.409791,1.0
1774899371.4280353,1.0
1774899371.4462023,1.0
1774899371.4643981,1.0
1774899371.4826279,1.0
1774899371.5008543,1.0
1774899371.5190618,1.0
1774899371.5372252,1.0
1774899371.55559,1.0
1774899371.5737996,1.0
1774899371.5919995,1.0
1774899371.6102095,1.0
1774899371.6285217,1.0
1774899371.6467793,1.0
1774899371.6649458,1.0
1774899371.6831746,1.0
1774899371.701476,1.0
1774899371.7196324,1.0
1774899371.7378445,1.0
1774899371.756035,1.0
1774899371.7742088,1.0
1774899371.7926416,1.0
1774899371.8108292,1.0
1774899371.8294814,1.0
1774899371.8476663,1.0
1774899371.8658805,1.0
1774899371.8841226,1.0
1774899371.9024649,1.0
1774899371.920561,1.0
1774899371.9387498,1.0
1774899371.9569252,1.0
1774899371.9751575,1.0
1774899371.9934053,1.0
1774899372.011572,1.0
1774899372.0297275,1.0
1774899372.0479374,1.0
1774899372.0661275,1.0
1774899372.0843322,1.0
1774899372.102523,1.0
1774899372.1208937,1.0
1774899372.139079,1.0
1774899372.1573057,1.0
1774899372.17554,1.0
1774899372.1950343,1.0
1774899372.2137022,1.0
1774899372.2323046,1.0
1774899372.2508552,1.0
1774899372.2689252,1.0
1774899372.2872033,1.0
1774899372.305438,1.0
1774899372.3235757,1.0
1774899372.3417208,1.0
1774899372.359863,1.0
1774899372.3779616,1.0
1774899372.3960717,1.0
1774899372.414284,1.0
1774899372.4324021,1.0
1774899372.4505265,1.0
1774899372.4687092,1.0
1774899372.486803,1.0
1774899372.5049539,1.0
1774899372.523272,1.0
1774899372.5413787,1.0
1774899372.5596323,1.0
1774899372.5777485,1.0
1774899372.5958228,1.0
1774899372.6139479,1.0
1774899372.6321373,1.0
1774899372.650261,1.0
1774899372.6684608,1.0
1774899372.6867995,1.0
1774899372.704997,1.0
1774899372.7231128,1.0
1774899372.7412295,1.0
1774899372.7593567,1.0
1774899372.777471,1.0
1774899372.7956803,1.0
1774899372.8138182,1.0
1774899372.8320827,1.0
1774899372.85007,1.0
1774899372.8681562,1.0
1774899372.88689,1.0
1774899372.9051101,1.0
1774899372.9232516,1.0
1774899372.941408,1.0
1774899372.959524,1.0
1774899372.9776106,1.0
1774899372.9958441,1.0
1774899373.0139978,1.0
1774899373.0322163,1.0
1774899373.0503774,1.0
1774899373.068613,1.0
1774899373.0868988,1.0
1774899373.1052203,1.0
1774899373.123441,1.0
1774899373.141717,1.0
1774899373.159912,1.0
1774899373.1780963,1.0
1774899373.1974185,1.0
1774899373.2161944,1.0
1774899373.2347524,1.0
1774899373.2532604,1.0
1774899373.2714324,1.0
1774899373.289814,1.0
1774899373.3085852,1.0
1774899373.3267956,1.0
1774899373.3451712,1.0
1774899373.363382,1.0
1774899373.3816571,1.0
1774899373.3998334,1.0
1774899373.4181485,1.0
1774899373.4364023,1.0
1774899373.4546685,1.0
1774899373.472994,1.0
1774899373.4911718,1.0
1774899373.5095365,1.0
1774899373.527971,1.0
1774899373.546227,1.0
1774899373.5644598,1.0
1774899373.5828972,1.0
1774899373.6011176,1.0
1774899373.6193564,1.0
1774899373.6376324,1.0
1774899373.6559122,1.0
1774899373.67423,1.0
1774899373.6925206,1.0
1774899373.7108262,1.0
1774899373.7291021,1.0
1774899373.7474232,1.0
1774899373.765716,1.0
1774899373.7840126,1.0
1774899373.802238,1.0
1774899373.8204842,1.0
1774899373.839033,1.0
1774899373.857192,1.0
1774899373.8753781,1.0
1774899373.893593,1.0
1774899373.9118419,1.0
1774899373.930075,1.0
1774899373.9482307,1.0
1774899373.966468,1.0
1774899373.984834,1.0
1774899374.0030138,1.0
1774899374.0211687,1.0
1774899374.0393999,1.0
1774899374.0575793,1.0
1774899374.0758195,1.0
1774899374.0940237,1.0
1774899374.1123145,1.0
1774899374.1304944,1.0
1774899374.1487381,1.0
1774899374.1669075,1.0
1774899374.186982,1.0
1774899374.2048643,1.0
1774899374.223417,1.0
1774899374.2417629,1.0
1774899374.2602117,1.0
1774899374.278393,1.0
1774899374.2969038,1.0
1774899374.315338,1.0
1774899374.333522,1.0
1774899374.3517396,1.0
1774899374.369923,1.0
1774899374.3881133,1.0
1774899374.4063547,1.0
1774899374.4245527,1.0
1774899374.4427092,1.0
1774899374.4609032,1.0
1774899374.4789793,1.0
1774899374.4972022,1.0
1774899374.5154037,1.0
1774899374.533533,1.0
1774899374.5517333,1.0
1774899374.5699062,1.0
1774899374.5881288,1.0
1774899374.6062994,1.0
1774899374.624438,1.0
1774899374.6426783,1.0
1774899374.66087,1.0
1774899374.6790676,1.0
1774899374.6973186,1.0
1774899374.7155645,1.0
1774899374.7337196,1.0
1774899374.751854,1.0
1774899374.7700417,1.0
1774899374.788278,1.0
1774899374.8065288,1.0
1774899374.825312,1.0
1774899374.8433797,1.0
1774899374.861596,1.0
1774899374.8797581,1.0
1774899374.8979907,1.0
1774899374.9163096,1.0
1774899374.9349587,1.0
1774899374.9532638,1.0
1774899374.9714718,1.0
1774899374.9897985,1.0
1774899375.0080574,1.0
1774899375.0263383,1.0
1774899375.044652,1.0
1774899375.0630853,1.0
1774899375.0813541,1.0
1774899375.0997572,1.0
1774899375.1183677,1.0
1774899375.1366146,1.0
1774899375.1548927,1.0
1774899375.1732917,1.0
1774899375.1930623,1.0
1774899375.2114277,1.0
1774899375.2300484,1.0
1774899375.2484236,1.0
1774899375.2666564,1.0
1774899375.2849145,1.0
1774899375.3030994,1.0
1774899375.3214915,1.0
1774899375.3398683,1.0
1774899375.358399,1.0
1774899375.3765597,1.0
1774899375.3947866,1.0
1774899375.4129617,1.0
1774899375.4311864,1.0
1774899375.4493363,1.0
1774899375.4674773,1.0
1774899375.4857333,1.0
1774899375.5037982,1.0
1774899375.5219707,1.0
1774899375.540106,1.0
1774899375.5582047,1.0
1774899375.576341,1.0
1774899375.5945046,1.0
1774899375.6126046,1.0
1774899375.6308675,1.0
1774899375.6492362,1.0
1774899375.667369,1.0
1774899375.685529,1.0
1774899375.7038572,1.0
1774899375.7220347,1.0
1774899375.740308,1.0
1774899375.7584515,1.0
1774899375.7765386,1.0
1774899375.7947893,1.0
1774899375.8129768,1.0
1774899375.83125,1.0
1774899375.8493419,1.0
1774899375.8674939,1.0
1774899375.8857546,1.0
1774899375.9038854,1.0
1774899375.92212,1.0
1774899375.9403205,1.0
1774899375.9584405,1.0
1774899375.9767058,1.0
1774899375.9948227,1.0
1774899376.0129833,1.0
1774899376.031095,1.0
1774899376.049233,1.0
1774899376.0674288,1.0
1774899376.0855591,1.0
1774899376.1036756,1.0
1774899376.121765,1.0
1774899376.1399524,1.0
1774899376.158093,1.0
1774899376.176254,1.0
1774899376.1956167,1.0
1774899376.2140303,1.0
1774899376.232369,1.0
1774899376.2506716,1.0
1774899376.2687728,1.0
1774899376.287116,1.0
1774899376.3051467,1.0
1774899376.3233147,1.0
1774899376.3414338,1.0
1774899376.3597672,1.0
1774899376.3779235,1.0
1774899376.3961413,1.0
1774899376.4144225,1.0
1774899376.4325657,1.0
1774899376.4508271,1.0
1774899376.468971,1.0
1774899376.4871943,1.0
1774899376.505337,1.0
1774899376.5236773,1.0
1774899376.5420003,1.0
1774899376.560151,1.0
1774899376.5783398,1.0
1774899376.596531,1.0
1774899376.6146882,1.0
1774899376.6329591,1.0
1774899376.6512403,1.0
1774899376.669362,1.0
1774899376.6875353,1.0
1774899376.7056618,1.0
1774899376.723844,1.0
1774899376.7419887,1.0
1774899376.7601013,1.0
1774899376.7781622,1.0
1774899376.7962618,1.0
1774899376.814401,1.0
1774899376.8326957,1.0
1774899376.8509119,1.0
1774899376.8690643,1.0
1774899376.8871918,1.0
1774899376.9053385,1.0
1774899376.923808,1.0
1774899376.9419203,1.0
1774899376.9600568,1.0
1774899376.978688,1.0
1774899376.9968145,1.0
1774899377.0149717,1.0
1774899377.033091,1.0
1774899377.0511823,1.0
1774899377.069308,1.0
1774899377.0874815,1.0
1774899377.105591,1.0
1774899377.1237335,1.0
1774899377.141915,1.0
1774899377.1600056,1.0
1774899377.179321,1.0
1774899377.1974757,1.0
1774899377.2158878,1.0
1774899377.2346082,1.0
1774899377.2528236,1.0
1774899377.270893,1.0
1774899377.2892067,1.0
1774899377.3072946,1.0
1774899377.3254485,1.0
1774899377.343587,1.0
1774899377.3618255,1.0
1774899377.3800392,1.0
1774899377.3981595,1.0
1774899377.4162805,1.0
1774899377.4344187,1.0
1774899377.452612,1.0
1774899377.4707153,1.0
1774899377.4888902,1.0
1774899377.5070634,1.0
1774899377.5252085,1.0
1774899377.5433178,1.0
1774899377.5614598,1.0
1774899377.5795796,1.0
1774899377.597691,1.0
1774899377.6158252,1.0
1774899377.6339772,1.0
1774899377.6521046,1.0
1774899377.6702695,1.0
1774899377.6884224,1.0
1774899377.7065825,1.0
1774899377.7247126,1.0
1774899377.7428439,1.0
1774899377.761036,1.0
1774899377.77921,1.0
1774899377.7973292,1.0
1774899377.8154783,1.0
1774899377.8337195,1.0
1774899377.8518615,1.0
1774899377.8699796,1.0
1774899377.8880801,1.0
1774899377.906208,1.0
1774899377.9243798,1.0
1774899377.942521,1.0
1774899377.9607656,1.0
1774899377.9788778,1.0
1774899377.99699,1.0
1774899378.0150921,1.0
1774899378.0333047,1.0
1774899378.0514374,1.0
1774899378.0695238,1.0
1774899378.0876114,1.0
1774899378.1058047,1.0
1774899378.1240678,1.0
1774899378.1422057,1.0
1774899378.1603205,1.0
1774899378.1798654,1.0
1774899378.1979883,1.0
1774899378.216309,1.0
1774899378.2346218,1.0
1774899378.252896,1.0
1774899378.2710803,1.0
1774899378.2894118,1.0
1774899378.307516,1.0
1774899378.325787,1.0
1774899378.343955,1.0
1774899378.362119,1.0
1774899378.380355,1.0
1774899378.3985167,1.0
1774899378.4166677,1.0
1774899378.4348226,1.0
1774899378.4531138,1.0
1774899378.4712818,1.0
1774899378.4893248,1.0
1774899378.507503,1.0
1774899378.5256522,1.0
1774899378.5438116,1.0
1774899378.5619287,1.0
1774899378.5800653,1.0
1774899378.5982234,1.0
1774899378.6164072,1.0
1774899378.63455,1.0
1774899378.6529138,1.0
1774899378.671024,1.0
1774899378.6892118,1.0
1774899378.707436,1.0
1774899378.725569,1.0
1774899378.7437088,1.0
1774899378.7618883,1.0
1774899378.7799911,1.0
1774899378.798147,1.0
1774899378.8162894,1.0
1774899378.8345423,1.0
1774899378.8527222,1.0
1774899378.870802,1.0
1774899378.8889406,1.0
1774899378.907097,1.0
1774899378.92528,1.0
1774899378.94341,1.0
1774899378.961577,1.0
1774899378.9797125,1.0
1774899378.9978478,1.0
1774899379.0160341,1.0
1774899379.0346072,1.0
1774899379.0527518,1.0
1774899379.070883,1.0
1774899379.0890677,1.0
1774899379.1071947,1.0
1774899379.1253905,1.0
1774899379.1433735,1.0
1774899379.1616213,1.0
1774899379.1809149,1.0
1774899379.199114,1.0
1774899379.2175007,1.0
1774899379.2357895,1.0
1774899379.2540019,1.0
1774899379.2720718,1.0
1774899379.2904341,1.0
1774899379.3087144,1.0
1774899379.3269687,1.0
1774899379.345111,1.0
1774899379.3635986,1.0
1774899379.381692,1.0
1774899379.3997898,1.0
1774899379.4178946,1.0
1774899379.4360576,1.0
1774899379.45418,1.0
1774899379.4723284,1.0
1774899379.4904778,1.0
1774899379.5086045,1.0
1774899379.5268228,1.0
1774899379.544924,1.0
1774899379.5630627,1.0
1774899379.5812025,1.0
1774899379.599436,1.0
1774899379.6177752,1.0
1774899379.6359308,1.0
1774899379.6540136,1.0
1774899379.6722257,1.0
1774899379.6905375,1.0
1774899379.7086833,1.0
1774899379.7268174,1.0
1774899379.744973,1.0
1774899379.7630718,1.0
1774899379.781169,1.0
1774899379.7992556,1.0
1774899379.8174171,1.0
1774899379.8359108,1.0
1774899379.8540337,1.0
1774899379.8722343,1.0
1774899379.8903575,1.0
1774899379.9086041,1.0
1774899379.926992,1.0
1774899379.9451332,1.0
1774899379.963294,1.0
1774899379.981454,1.0
1774899379.9996896,1.0
1774899380.0178597,1.0
1774899380.0359788,1.0
1774899380.0541024,1.0
1774899380.0723064,1.0
1774899380.090444,1.0
1774899380.1086154,1.0
1774899380.1267588,1.0
1774899380.1449182,1.0
1774899380.1630964,1.0
1774899380.1829038,1.0
1774899380.201544,1.0
1774899380.2200181,1.0
1774899380.2388644,1.0
1774899380.2571652,1.0
1774899380.275316,1.0
1774899380.2937195,1.0
1774899380.3120773,1.0
1774899380.3301663,1.0
1774899380.3483772,1.0
1774899380.3665264,1.0
1774899380.3846705,1.0
1774899380.4028907,1.0
1774899380.421047,1.0
1774899380.439182,1.0
1774899380.4574022,1.0
1774899380.4756107,1.0
1774899380.4937396,1.0
1774899380.511935,1.0
1774899380.5302124,1.0
1774899380.5483332,1.0
1774899380.566545,1.0
1774899380.5846882,1.0
1774899380.6028337,1.0
1774899380.6210165,1.0
1774899380.6391594,1.0
1774899380.6573513,1.0
1774899380.6755216,1.0
1774899380.69373,1.0
1774899380.711945,1.0
1774899380.7301726,1.0
1774899380.7483177,1.0
1774899380.7664952,1.0
1774899380.7846215,1.0
1774899380.8027353,1.0
1774899380.8209302,1.0
1774899380.839197,1.0
1774899380.8573213,1.0
1774899380.8754504,1.0
1774899380.8935623,1.0
1774899380.9116805,1.0
1774899380.9299214,1.0
1774899380.9480276,1.0
1774899380.9661412,1.0
1774899380.984225,1.0
1774899381.0023537,1.0
1774899381.0204303,1.0
1774899381.0385146,1.0
1774899381.0567303,1.0
1774899381.0750663,1.0
1774899381.0932505,1.0
1774899381.1113808,1.0
1774899381.1295714,1.0
1774899381.1477034,1.0
1774899381.1658626,1.0
1774899381.185586,1.0
1774899381.203559,1.0
1774899381.2222369,1.0
1774899381.2406533,1.0
1774899381.2589257,1.0
1774899381.27703,1.0
1774899381.2953415,1.0
1774899381.3137457,1.0
1774899381.3318558,1.0
1774899381.3499308,1.0
1774899381.368163,1.0
1774899381.3862786,1.0
1774899381.4043548,1.0
1774899381.422514,1.0
1774899381.4406269,1.0
1774899381.4587517,1.0
1774899381.4768858,1.0
1774899381.494931,1.0
1774899381.513202,1.0
1774899381.5314262,1.0
1774899381.5495262,1.0
1774899381.5676537,1.0
1774899381.5857282,1.0
1774899381.6039786,1.0
1774899381.6220925,1.0
1774899381.6401997,1.0
1774899381.6582565,1.0
1774899381.6763487,1.0
1774899381.6945014,1.0
1774899381.712627,1.0
1774899381.7307742,1.0
1774899381.748846,1.0
1774899381.7670727,1.0
1774899381.7851713,1.0
1774899381.8032563,1.0
1774899381.8213909,1.0
1774899381.839509,1.0
1774899381.857626,1.0
1774899381.8756473,1.0
1774899381.893884,1.0
1774899381.9120142,1.0
1774899381.930209,1.0
1774899381.9482782,1.0
1774899381.9664006,1.0
1774899381.9844794,1.0
1774899382.0026007,1.0
1774899382.0206945,1.0
1774899382.038877,1.0
1774899382.0570838,1.0
1774899382.0752206,1.0
1774899382.093333,1.0
1774899382.1114938,1.0
1774899382.1296716,1.0
1774899382.147814,1.0
1774899382.166081,1.0
1774899382.1852357,1.0
1774899382.203788,1.0
1774899382.2221856,1.0
1774899382.2408986,1.0
1774899382.2592149,1.0
1774899382.2773745,1.0
1774899382.2956295,1.0
1774899382.3139596,1.0
1774899382.3321397,1.0
1774899382.3503134,1.0
1774899382.368451,1.0
1774899382.3867724,1.0
1774899382.4048853,1.0
1774899382.4230547,1.0
1774899382.4412029,1.0
1774899382.4594548,1.0
1774899382.4776282,1.0
1774899382.495802,1.0
1774899382.5139341,1.0
1774899382.532118,1.0
1774899382.5502498,1.0
1774899382.5683668,1.0
1774899382.5865502,1.0
1774899382.6047115,1.0
1774899382.6228824,1.0
1774899382.6410573,1.0
1774899382.6591666,1.0
1774899382.6773775,1.0
1774899382.695528,1.0
1774899382.713705,1.0
1774899382.7319064,1.0
1774899382.7500377,1.0
1774899382.7682304,1.0
1774899382.7862144,1.0
1774899382.8044727,1.0
1774899382.822617,1.0
1774899382.8418949,1.0
1774899382.859947,1.0
1774899382.8781452,1.0
1774899382.8963113,1.0
1774899382.914514,1.0
1774899382.9327588,1.0
1774899382.9508746,1.0
1774899382.9690268,1.0
1774899382.9871948,1.0
1774899383.0053558,1.0
1774899383.0234873,1.0
1774899383.0416262,1.0
1774899383.0598774,1.0
1774899383.0780625,1.0
1774899383.0961502,1.0
1774899383.1142724,1.0
1774899383.1328065,1.0
1774899383.1511772,1.0
1774899383.1693456,1.0
1774899383.1891832,1.0
1774899383.2076404,1.0
1774899383.2258322,1.0
1774899383.2441351,1.0
1774899383.262394,1.0
1774899383.280792,1.0
1774899383.2991273,1.0
1774899383.3173676,1.0
1774899383.3355107,1.0
1774899383.3536339,1.0
1774899383.3718069,1.0
1774899383.3898957,1.0
1774899383.4080448,1.0
1774899383.4261339,1.0
1774899383.4443321,1.0
1774899383.4625187,1.0
1774899383.486567,1.0
1774899383.5048225,1.0
1774899383.5230062,1.0
1774899383.5411386,1.0
1774899383.5592237,1.0
1774899383.5773501,1.0
1774899383.5954607,1.0
1774899383.6135502,1.0
1774899383.631728,1.0
1774899383.6500063,1.0
1774899383.6681101,1.0
1774899383.6862988,1.0
1774899383.7044375,1.0
1774899383.722643,1.0
1774899383.7533538,1.0
1774899383.7714705,1.0
1774899383.7896464,1.0
1774899383.8078182,1.0
1774899383.8260686,1.0
1774899383.8441644,1.0
1774899383.86233,1.0
1774899383.880454,1.0
1774899383.8985586,1.0
1774899383.9166768,1.0
1774899383.934929,1.0
1774899383.9531097,1.0
1774899383.9712126,1.0
1774899383.989426,1.0
1774899384.0075598,1.0
1774899384.0256867,1.0
1774899384.0439084,1.0
1774899384.0621488,1.0
1774899384.0803504,1.0
1774899384.0984864,1.0
1774899384.1166654,1.0
1774899384.1349056,1.0
1774899384.1530235,1.0
1774899384.1713095,1.0
1774899384.1900587,1.0
1774899384.2086756,1.0
1774899384.226919,1.0
1774899384.2455623,1.0
1774899384.2636948,1.0
1774899384.2819993,1.0
1774899384.3001146,1.0
1774899384.318505,1.0
1774899384.3367798,1.0
1774899384.354947,1.0
1774899384.3730955,1.0
1774899384.391335,1.0
1774899384.4094791,1.0
1774899384.427644,1.0
1774899384.4459596,1.0
1774899384.4641113,1.0
1774899384.4823198,1.0
1774899384.5005345,1.0
1774899384.5186396,1.0
1774899384.5368884,1.0
1774899384.555064,1.0
1774899384.5732489,1.0
1774899384.5914476,1.0
1774899384.6095943,1.0
1774899384.6277187,1.0
1774899384.6458676,1.0
1774899384.6640525,1.0
1774899384.6822674,1.0
1774899384.7003796,1.0
1774899384.7185097,1.0
1774899384.736728,1.0
1774899384.7549152,1.0
1774899384.7731202,1.0
1774899384.7912288,1.0
1774899384.8094673,1.0
1774899384.827721,1.0
1774899384.8458543,1.0
1774899384.8640482,1.0
1774899384.8822196,1.0
1774899384.9004254,1.0
1774899384.9185734,1.0
1774899384.9367735,1.0
1774899384.9551308,1.0
1774899384.9733284,1.0
1774899384.9916441,1.0
1774899385.00986,1.0
1774899385.0280414,1.0
1774899385.046391,1.0
1774899385.0647745,1.0
1774899385.0829735,1.0
1774899385.1011386,1.0
1774899385.1192844,1.0
1774899385.1374652,1.0
1774899385.1556506,1.0
1774899385.174277,1.0
1774899385.1940403,1.0
1774899385.2123387,1.0
1774899385.2303772,1.0
1774899385.2487795,1.0
1774899385.2669332,1.0
1774899385.2851284,1.0
1774899385.3033485,1.0
1774899385.3217971,1.0
1774899385.3399603,1.0
1774899385.3583348,1.0
1774899385.3765712,1.0
1774899385.3948293,1.0
1774899385.4130309,1.0
1774899385.4312174,1.0
1774899385.449428,1.0
1774899385.4676816,1.0
1774899385.4860168,1.0
1774899385.5042248,1.0
1774899385.5224946,1.0
1774899385.5407271,1.0
1774899385.558909,1.0
1774899385.5770483,1.0
1774899385.5952122,1.0
1774899385.6134624,1.0
1774899385.6316702,1.0
1774899385.6499732,1.0
1774899385.668141,1.0
1774899385.6863155,1.0
1774899385.7044637,1.0
1774899385.7226846,1.0
1774899385.7408252,1.0
1774899385.7589574,1.0
1774899385.7771714,1.0
1774899385.7953835,1.0
1774899385.8134737,1.0
1774899385.83175,1.0
1774899385.8498206,1.0
1774899385.8679788,1.0
1774899385.886087,1.0
1774899385.9040985,1.0
1774899385.9221847,1.0
1774899385.9405353,1.0
1774899385.9586606,1.0
1774899385.9767551,1.0
1774899385.99488,1.0
1774899386.0130138,1.0
1774899386.03109,1.0
1774899386.0491862,1.0
1774899386.067758,1.0
1774899386.0859468,1.0
1774899386.1042154,1.0
1774899386.1223614,1.0
1774899386.1406348,1.0
1774899386.1588407,1.0
1774899386.1769931,1.0
1774899386.196774,1.0
1774899386.2152364,1.0
1774899386.233358,1.0
1774899386.252104,1.0
1774899386.2702367,1.0
1774899386.2887423,1.0
1774899386.3068497,1.0
1774899386.3252113,1.0
1774899386.3434842,1.0
1774899386.3617113,1.0
1774899386.3799164,1.0
1774899386.398024,1.0
1774899386.4161463,1.0
1774899386.4343407,1.0
1774899386.4526522,1.0
1774899386.4707637,1.0
1774899386.4889457,1.0
1774899386.5070999,1.0
1774899386.5252843,1.0
1774899386.5434384,1.0
1774899386.5615819,1.0
1774899386.5796494,1.0
1774899386.5978148,1.0
1774899386.6159225,1.0
1774899386.6340702,1.0
1774899386.6521108,1.0
1774899386.6701946,1.0
1774899386.6882327,1.0
1774899386.7063813,1.0
1774899386.724469,1.0
1774899386.7425618,1.0
1774899386.7607014,1.0
1774899386.7789469,1.0
1774899386.7970784,1.0
1774899386.8152692,1.0
1774899386.833444,1.0
1774899386.8515506,1.0
1774899386.8696346,1.0
1774899386.887718,1.0
1774899386.9059322,1.0
1774899386.924036,1.0
1774899386.9420884,1.0
1774899386.9602077,1.0
1774899386.9783332,1.0
1774899386.99648,1.0
1774899387.0146778,1.0
1774899387.0328555,1.0
1774899387.0509484,1.0
1774899387.069053,1.0
1774899387.0872178,1.0
1774899387.1053424,1.0
1774899387.123462,1.0
1774899387.141715,1.0
1774899387.159816,1.0
1774899387.179157,1.0
1774899387.197436,1.0
1774899387.2160432,1.0
1774899387.2340658,1.0
1774899387.2527084,1.0
1774899387.2707436,1.0
1774899387.2890258,1.0
1774899387.3070822,1.0
1774899387.325397,1.0
1774899387.343464,1.0
1774899387.361718,1.0
1774899387.3798482,1.0
1774899387.3979645,1.0
1774899387.4161475,1.0
1774899387.434252,1.0
1774899387.4523964,1.0
1774899387.4704897,1.0
1774899387.4885557,1.0
1774899387.5067673,1.0
1774899387.5249119,1.0
1774899387.5429976,1.0
1774899387.5611165,1.0
1774899387.579326,1.0
1774899387.5973983,1.0
1774899387.6154556,1.0
1774899387.633598,1.0
1774899387.6516857,1.0
1774899387.6698127,1.0
1774899387.687928,1.0
1774899387.7060616,1.0
1774899387.724108,1.0
1774899387.7423148,1.0
1774899387.7604177,1.0
1774899387.7784803,1.0
1774899387.7965486,1.0
1774899387.81486,1.0
1774899387.833057,1.0
1774899387.8511217,1.0
1774899387.8691852,1.0
1774899387.8872874,1.0
1774899387.9053824,1.0
1774899387.9235122,1.0
1774899387.9416428,1.0
1774899387.9597447,1.0
1774899387.9778156,1.0
1774899387.9959915,1.0
1774899388.0140471,1.0
1774899388.0321252,1.0
1774899388.050205,1.0
1774899388.068271,1.0
1774899388.0863702,1.0
1774899388.104487,1.0
1774899388.1226296,1.0
1774899388.1408064,1.0
1774899388.159038,1.0
1774899388.1771164,1.0
1774899388.1966574,1.0
1774899388.2150314,1.0
1774899388.23308,1.0
1774899388.2515743,1.0
1774899388.2695467,1.0
1774899388.287959,1.0
1774899388.305953,1.0
1774899388.3242147,1.0
1774899388.3423495,1.0
1774899388.3604698,1.0
1774899388.3785157,1.0
1774899388.3966525,1.0
1774899388.4148016,1.0
1774899388.4328933,1.0
1774899388.4510067,1.0
1774899388.4690988,1.0
1774899388.4871666,1.0
1774899388.5052927,1.0
1774899388.5233788,1.0
1774899388.541643,1.0
1774899388.5597644,1.0
1774899388.5779648,1.0
1774899388.5960424,1.0
1774899388.614087,1.0
1774899388.6322217,1.0
1774899388.6502633,1.0
1774899388.668306,1.0
1774899388.6864922,1.0
1774899388.704583,1.0
1774899388.722648,1.0
1774899388.7408602,1.0
1774899388.7589765,1.0
1774899388.7770343,1.0
1774899388.7951481,1.0
1774899388.8132539,1.0
1774899388.831621,1.0
1774899388.8495984,1.0
1774899388.8677206,1.0
1774899388.885871,1.0
1774899388.9039013,1.0
1774899388.9219651,1.0
1774899388.9401395,1.0
1774899388.9581912,1.0
1774899388.9762638,1.0
1774899388.9944053,1.0
1774899389.0124528,1.0
1774899389.0304737,1.0
1774899389.0486042,1.0
1774899389.0668654,1.0
1774899389.0849087,1.0
1774899389.1030538,1.0
1774899389.1212318,1.0
1774899389.139329,1.0
1774899389.157534,1.0
1774899389.1755881,1.0
1774899389.195506,1.0
1774899389.2138388,1.0
1774899389.2319365,1.0
1774899389.2507095,1.0
1774899389.2691317,1.0
1774899389.2873943,1.0
1774899389.3054008,1.0
1774899389.3236258,1.0
1774899389.3418288,1.0
1774899389.3600266,1.0
1774899389.3782823,1.0
1774899389.3963525,1.0
1774899389.414393,1.0
1774899389.4324806,1.0
1774899389.450534,1.0
1774899389.468641,1.0
1774899389.48675,1.0
1774899389.5048127,1.0
1774899389.5229595,1.0
1774899389.5411289,1.0
1774899389.5591562,1.0
1774899389.5772493,1.0
1774899389.5953786,1.0
1774899389.613464,1.0
1774899389.6315942,1.0
1774899389.6496985,1.0
1774899389.6677878,1.0
1774899389.6858776,1.0
1774899389.7040148,1.0
1774899389.7220774,1.0
1774899389.7401652,1.0
1774899389.7583098,1.0
1774899389.7764308,1.0
1774899389.7945175,1.0
1774899389.812638,1.0
1774899389.8308477,1.0
1774899389.8490174,1.0
1774899389.867071,1.0
1774899389.8852613,1.0
1774899389.9033663,1.0
1774899389.9215987,1.0
1774899389.939677,1.0
1774899389.9577217,1.0
1774899389.9758406,1.0
1774899389.9939232,1.0
1774899390.0119956,1.0
1774899390.0301394,1.0
1774899390.0482054,1.0
1774899390.06625,1.0
1774899390.0844069,1.0
1774899390.1024482,1.0
1774899390.120569,1.0
1774899390.1387246,1.0
1774899390.156777,1.0
1774899390.1748447,1.0
1774899390.1942792,1.0
1774899390.2124796,1.0
1774899390.2305179,1.0
1774899390.249044,1.0
1774899390.2671194,1.0
1774899390.2853713,1.0
1774899390.3033183,1.0
1774899390.3214736,1.0
1774899390.3396397,1.0
1774899390.3577626,1.0
1774899390.3758254,1.0
1774899390.3939166,1.0
1774899390.412019,1.0
1774899390.430089,1.0
1774899390.4482756,1.0
1774899390.4663792,1.0
1774899390.4845896,1.0
1774899390.5026839,1.0
1774899390.5207555,1.0
1774899390.5389106,1.0
1774899390.5569935,1.0
1774899390.5750978,1.0
1774899390.5932107,1.0
1774899390.611268,1.0
1774899390.6293774,1.0
1774899390.6475074,1.0
1774899390.6655653,1.0
1774899390.6837115,1.0
1774899390.7018867,1.0
1774899390.719939,1.0
1774899390.7381012,1.0
1774899390.7561576,1.0
1774899390.7742481,1.0
1774899390.7923415,1.0
1774899390.8103223,1.0
1774899390.8287268,1.0
1774899390.8467472,1.0
1774899390.8647988,1.0
1774899390.8828406,1.0
1774899390.9011078,1.0
1774899390.9191635,1.0
1774899390.937366,1.0
1774899390.955487,1.0
1774899390.9736726,1.0
1774899390.991699,1.0
1774899391.009791,1.0
1774899391.027928,1.0
1774899391.0460696,1.0
1774899391.0642688,1.0
1774899391.082424,1.0
1774899391.1005676,1.0
1774899391.1186457,1.0
1774899391.136738,1.0
1774899391.1549463,1.0
1774899391.173047,1.0
1774899391.1924572,1.0
1774899391.2107902,1.0
1774899391.2287476,1.0
1774899391.2473187,1.0
1774899391.2652848,1.0
1774899391.283529,1.0
1774899391.3016174,1.0
1774899391.3201094,1.0
1774899391.3384254,1.0
1774899391.3566656,1.0
1774899391.3748078,1.0
1774899391.3930354,1.0
1774899391.4111688,1.0
1774899391.4292367,1.0
1774899391.447261,1.0
1774899391.465374,1.0
1774899391.4835224,1.0
1774899391.501598,1.0
1774899391.5198162,1.0
1774899391.5380313,1.0
1774899391.5561702,1.0
1774899391.574253,1.0
1774899391.5924442,1.0
1774899391.610517,1.0
1774899391.6286664,1.0
1774899391.6467361,1.0
1774899391.6648226,1.0
1774899391.6828985,1.0
1774899391.7010982,1.0
1774899391.719203,1.0
1774899391.7373567,1.0
1774899391.755466,1.0
1774899391.7735074,1.0
1774899391.7916455,1.0
1774899391.8098574,1.0
1774899391.8279989,1.0
1774899391.8461218,1.0
1774899391.864181,1.0
1774899391.8823867,1.0
1774899391.9004035,1.0
1774899391.918508,1.0
1774899391.9366124,1.0
1774899391.954701,1.0
1774899391.9728072,1.0
1774899391.9908695,1.0
1774899392.0089579,1.0
1774899392.027106,1.0
1774899392.0451162,1.0
1774899392.0632715,1.0
1774899392.081336,1.0
1774899392.0994117,1.0
1774899392.1175718,1.0
1774899392.1356442,1.0
1774899392.1537354,1.0
1774899392.1718748,1.0
1774899392.1908019,1.0
1774899392.2089274,1.0
1774899392.2270164,1.0
1774899392.2452817,1.0
1774899392.263389,1.0
1774899392.2816389,1.0
1774899392.2998989,1.0
1774899392.3179488,1.0
1774899392.3361697,1.0
1774899392.354228,1.0
1774899392.3723829,1.0
1774899392.390476,1.0
1774899392.4085503,1.0
1774899392.4266725,1.0
1774899392.4447184,1.0
1774899392.4629297,1.0
1774899392.481025,1.0
1774899392.4991112,1.0
1774899392.5171988,1.0
1774899392.535269,1.0
1774899392.553354,1.0
1774899392.5714498,1.0
1774899392.5895672,1.0
1774899392.6076543,1.0
1774899392.625865,1.0
1774899392.6439693,1.0
1774899392.662225,1.0
1774899392.680287,1.0
1774899392.6983755,1.0
1774899392.7164207,1.0
1774899392.7345142,1.0
1774899392.7526262,1.0
1774899392.7708838,1.0
1774899392.7889566,1.0
1774899392.807022,1.0
1774899392.8253803,1.0
1774899392.843398,1.0
1774899392.8615062,1.0
1774899392.8795393,1.0
1774899392.8987217,1.0
1774899392.916821,1.0
1774899392.9349031,1.0
1774899392.9531317,1.0
1774899392.9713066,1.0
1774899392.9894164,1.0
1774899393.0075493,1.0
1774899393.0256562,1.0
1774899393.0437465,1.0
1774899393.0618315,1.0
1774899393.0800333,1.0
1774899393.0981622,1.0
1774899393.1163292,1.0
1774899393.1344135,1.0
1774899393.1525347,1.0
1774899393.1706243,1.0
1774899393.190106,1.0
1774899393.2083879,1.0
1774899393.226493,1.0
1774899393.244867,1.0
1774899393.262918,1.0
1774899393.281067,1.0
1774899393.2991638,1.0
1774899393.317309,1.0
1774899393.3355796,1.0
1774899393.3538795,1.0
1774899393.3727324,1.0
1774899393.3910892,1.0
1774899393.4092205,1.0
1774899393.4274218,1.0
1774899393.4455886,1.0
1774899393.4638286,1.0
1774899393.4820042,1.0
1774899393.5002067,1.0
1774899393.5183644,1.0
1774899393.5365288,1.0
1774899393.5547233,1.0
1774899393.5727873,1.0
1774899393.590921,1.0
1774899393.6091392,1.0
1774899393.6272748,1.0
1774899393.6453884,1.0
1774899393.6635008,1.0
1774899393.6816158,1.0
1774899393.6997375,1.0
1774899393.7180417,1.0
1774899393.7361245,1.0
1774899393.7543485,1.0
1774899393.772472,1.0
1774899393.7907755,1.0
1774899393.8090465,1.0
1774899393.8273003,1.0
1774899393.8453617,1.0
1774899393.8634987,1.0
1774899393.8814447,1.0
1774899393.899576,1.0
1774899393.9176676,1.0
1774899393.9358885,1.0
1774899393.9540172,1.0
1774899393.9721227,1.0
1774899393.9903307,1.0
1774899394.0084574,1.0
1774899394.0265672,1.0
1774899394.0446432,1.0
1774899394.0627995,1.0
1774899394.0810065,1.0
1774899394.09912,1.0
1774899394.1172626,1.0
1774899394.1354368,1.0
1774899394.15352,1.0
1774899394.1716592,1.0
1774899394.1914854,1.0
1774899394.2102032,1.0
1774899394.2282274,1.0
1774899394.2465966,1.0
1774899394.2646043,1.0
1774899394.2828734,1.0
1774899394.301067,1.0
1774899394.3191757,1.0
1774899394.3374534,1.0
1774899394.3556283,1.0
1774899394.373834,1.0
1774899394.3919544,1.0
1774899394.4101374,1.0
1774899394.4283345,1.0
1774899394.4464693,1.0
1774899394.4647663,1.0
1774899394.4828928,1.0
1774899394.5010273,1.0
1774899394.5192022,1.0
1774899394.5373325,1.0
1774899394.5555484,1.0
1774899394.5736785,1.0
1774899394.5918658,1.0
1774899394.6100094,1.0
1774899394.628168,1.0
1774899394.6463234,1.0
1774899394.6644666,1.0
1774899394.6826398,1.0
1774899394.7008672,1.0
1774899394.718991,1.0
1774899394.7371612,1.0
1774899394.755342,1.0
1774899394.773417,1.0
1774899394.7916234,1.0
1774899394.809758,1.0
1774899394.8280492,1.0
1774899394.8462088,1.0
1774899394.8643334,1.0
1774899394.8825016,1.0
1774899394.9006186,1.0
1774899394.9189446,1.0
1774899394.9371006,1.0
1774899394.955234,1.0
1774899394.9733994,1.0
1774899394.9915018,1.0
1774899395.0097547,1.0
1774899395.028071,1.0
1774899395.0462346,1.0
1774899395.0643225,1.0
1774899395.082483,1.0
1774899395.1006157,1.0
1774899395.1188965,1.0
1774899395.1370575,1.0
1774899395.1552107,1.0
1774899395.1733828,1.0
1774899395.1930425,1.0
1774899395.211263,1.0
1774899395.2293851,1.0
1774899395.2479398,1.0
1774899395.2660007,1.0
1774899395.284376,1.0
1774899395.3024123,1.0
1774899395.320491,1.0
1774899395.338864,1.0
1774899395.3570108,1.0
1774899395.3751998,1.0
1774899395.393431,1.0
1774899395.4118323,1.0
1774899395.4299357,1.0
1774899395.4480903,1.0
1774899395.4663053,1.0
1774899395.4845555,1.0
1774899395.5027263,1.0
1774899395.5208697,1.0
1774899395.5390098,1.0
1774899395.5572822,1.0
1774899395.5754602,1.0
1774899395.593966,1.0
1774899395.612146,1.0
1774899395.6302943,1.0
1774899395.6484156,1.0
1774899395.666699,1.0
1774899395.684792,1.0
1774899395.7029965,1.0
1774899395.7210603,1.0
1774899395.739341,1.0
1774899395.7574544,1.0
1774899395.7755857,1.0
1774899395.7937477,1.0
1774899395.8119383,1.0
1774899395.8304596,1.0
1774899395.8486228,1.0
1774899395.8669333,1.0
1774899395.8850484,1.0
1774899395.9031715,1.0
1774899395.9214232,1.0
1774899395.9396544,1.0
1774899395.9577496,1.0
1774899395.9758322,1.0
1774899395.9940023,1.0
1774899396.0121436,1.0
1774899396.0303247,1.0
1774899396.0485117,1.0
1774899396.0668893,1.0
1774899396.0850062,1.0
1774899396.1031055,1.0
1774899396.121315,1.0
1774899396.1393058,1.0
1774899396.1574094,1.0
1774899396.1755486,1.0
1774899396.1950262,1.0
1774899396.2136092,1.0
1774899396.2316952,1.0
1774899396.250194,1.0
1774899396.2682357,1.0
1774899396.286636,1.0
1774899396.304684,1.0
1774899396.3228545,1.0
1774899396.341102,1.0
1774899396.3592598,1.0
1774899396.3773975,1.0
1774899396.3955383,1.0
1774899396.4138596,1.0
1774899396.4320025,1.0
1774899396.4501226,1.0
1774899396.468259,1.0
1774899396.4863503,1.0
1774899396.5044446,1.0
1774899396.5225735,1.0
1774899396.540722,1.0
1774899396.5589569,1.0
1774899396.577148,1.0
1774899396.5953174,1.0
1774899396.6134124,1.0
1774899396.6315064,1.0
1774899396.6496692,1.0
1774899396.6679127,1.0
1774899396.6859722,1.0
1774899396.7041008,1.0
1774899396.7222502,1.0
1774899396.7403166,1.0
1774899396.7584326,1.0
1774899396.7765656,1.0
1774899396.794717,1.0
1774899396.8128164,1.0
1774899396.8311324,1.0
1774899396.8492498,1.0
1774899396.8673637,1.0
1774899396.885639,1.0
1774899396.9037292,1.0
1774899396.9218125,1.0
1774899396.940082,1.0
1774899396.9581463,1.0
1774899396.9763193,1.0
1774899396.9944737,1.0
1774899397.0125504,1.0
1774899397.0307167,1.0
1774899397.0487697,1.0
1774899397.0668516,1.0
1774899397.0850093,1.0
1774899397.1031773,1.0
1774899397.1212606,1.0
1774899397.139403,1.0
1774899397.1575038,1.0
1774899397.1758106,1.0
1774899397.195253,1.0
1774899397.2136502,1.0
1774899397.2317693,1.0
1774899397.2502697,1.0
1774899397.2683911,1.0
1774899397.2868102,1.0
1774899397.3050153,1.0
1774899397.3232212,1.0
1774899397.3414116,1.0
1774899397.3595757,1.0
1774899397.377732,1.0
1774899397.3958833,1.0
1774899397.4140928,1.0
1774899397.4322488,1.0
1774899397.4502869,1.0
1774899397.468784,1.0
1774899397.486847,1.0
1774899397.5049005,1.0
1774899397.5231037,1.0
1774899397.541184,1.0
1774899397.5593743,1.0
1774899397.5775769,1.0
1774899397.595686,1.0
1774899397.613848,1.0
1774899397.6319096,1.0
1774899397.6500583,1.0
1774899397.6682172,1.0
1774899397.6862957,1.0
1774899397.704462,1.0
1774899397.7225795,1.0
1774899397.7406995,1.0
1774899397.7588499,1.0
1774899397.7769732,1.0
1774899397.795067,1.0
1774899397.8132212,1.0
1774899397.8315094,1.0
1774899397.8495653,1.0
1774899397.8676622,1.0
1774899397.8858871,1.0
1774899397.904027,1.0
1774899397.9221785,1.0
1774899397.940257,1.0
1774899397.9583368,1.0
1774899397.9765034,1.0
1774899397.9946194,1.0
1774899398.0127952,1.0
1774899398.0309188,1.0
1774899398.0489874,1.0
1774899398.0671139,1.0
1774899398.085205,1.0
1774899398.1033506,1.0
1774899398.1214302,1.0
1774899398.1394982,1.0
1774899398.1576552,1.0
1774899398.1757545,1.0
1774899398.1953175,1.0
1774899398.213763,1.0
1774899398.2318428,1.0
1774899398.2504349,1.0
1774899398.268513,1.0
1774899398.286918,1.0
1774899398.3050122,1.0
1774899398.3231192,1.0
1774899398.3413222,1.0
1774899398.3594427,1.0
1774899398.377602,1.0
1774899398.3957253,1.0
1774899398.4138997,1.0
1774899398.4320393,1.0
1774899398.4501677,1.0
1774899398.4682386,1.0
1774899398.4863505,1.0
1774899398.5044763,1.0
1774899398.5226078,1.0
1774899398.5406923,1.0
1774899398.5588903,1.0
1774899398.5769765,1.0
1774899398.5950532,1.0
1774899398.6132493,1.0
1774899398.6313145,1.0
1774899398.6494489,1.0
1774899398.6675487,1.0
1774899398.6858253,1.0
1774899398.704007,1.0
1774899398.722193,1.0
1774899398.7403414,1.0
1774899398.758673,1.0
1774899398.77678,1.0
1774899398.7948792,1.0
1774899398.81302,1.0
1774899398.8312025,1.0
1774899398.8493004,1.0
1774899398.8674548,1.0
1774899398.8857727,1.0
1774899398.903891,1.0
1774899398.9221156,1.0
1774899398.9402237,1.0
1774899398.9584503,1.0
1774899398.9765081,1.0
1774899398.9946647,1.0
1774899399.0127463,1.0
1774899399.0308776,1.0
1774899399.0491164,1.0
1774899399.0672202,1.0
1774899399.0853117,1.0
1774899399.103383,1.0
1774899399.1216698,1.0
1774899399.139804,1.0
1774899399.1580806,1.0
1774899399.176188,1.0
1774899399.1956596,1.0
1774899399.2140017,1.0
1774899399.2320743,1.0
1774899399.2507138,1.0
1774899399.2687697,1.0
1774899399.2871864,1.0
1774899399.305251,1.0
1774899399.3233912,1.0
1774899399.3417,1.0
1774899399.3599281,1.0
1774899399.3783424,1.0
1774899399.396443,1.0
1774899399.4145882,1.0
1774899399.432744,1.0
1774899399.4508653,1.0
1774899399.468971,1.0
1774899399.487146,1.0
1774899399.5057323,1.0
1774899399.5238419,1.0
1774899399.5419457,1.0
1774899399.5600874,1.0
1774899399.5782607,1.0
1774899399.5963812,1.0
1774899399.6145024,1.0
1774899399.6326568,1.0
1774899399.6508167,1.0
1774899399.6689718,1.0
1774899399.6870751,1.0
1774899399.7052176,1.0
1774899399.7233987,1.0
1774899399.7415414,1.0
1774899399.759754,1.0
1774899399.7779198,1.0
1774899399.7960796,1.0
1774899399.8142269,1.0
1774899399.8325484,1.0
1774899399.8507268,1.0
1774899399.8688464,1.0
1774899399.8869739,1.0
1774899399.905121,1.0
1774899399.9233167,1.0
1774899399.9415028,1.0
1774899399.959641,1.0
1774899399.9778426,1.0
1774899399.9959593,1.0
1774899400.0141034,1.0
1774899400.0322657,1.0
1774899400.0504587,1.0
1774899400.0685935,1.0
1774899400.0867488,1.0
1774899400.1049006,1.0
1774899400.1230214,1.0
1774899400.1412244,1.0
1774899400.159371,1.0
1774899400.1788843,1.0
1774899400.1974595,1.0
1774899400.2160137,1.0
1774899400.2341678,1.0
1774899400.2528481,1.0
1774899400.2710347,1.0
1774899400.289466,1.0
1774899400.3075988,1.0
1774899400.325834,1.0
1774899400.3443964,1.0
1774899400.3626468,1.0
1774899400.3808928,1.0
1774899400.3990753,1.0
1774899400.4172518,1.0
1774899400.4354753,1.0
1774899400.4536164,1.0
1774899400.471876,1.0
1774899400.4902616,1.0
1774899400.5084708,1.0
1774899400.5266428,1.0
1774899400.5448387,1.0
1774899400.5630956,1.0
1774899400.5813022,1.0
1774899400.5995097,1.0
1774899400.6176794,1.0
1774899400.6358347,1.0
1774899400.65406,1.0
1774899400.6723335,1.0
1774899400.6905477,1.0
1774899400.7089255,1.0
1774899400.727002,1.0
1774899400.7450633,1.0
1774899400.763162,1.0
1774899400.7813315,1.0
1774899400.7994366,1.0
1774899400.8176978,1.0
1774899400.8358722,1.0
1774899400.8539603,1.0
1774899400.8721309,1.0
1774899400.8902593,1.0
1774899400.9083571,1.0
1774899400.9267383,1.0
1774899400.9448237,1.0
1774899400.963128,1.0
1774899400.9815254,1.0
1774899400.9996352,1.0
1774899401.0178926,1.0
1774899401.0360756,1.0
1774899401.0543232,1.0
1774899401.072535,1.0
1774899401.090722,1.0
1774899401.1088774,1.0
1774899401.1272166,1.0
1774899401.1454182,1.0
1774899401.1636975,1.0
1774899401.1831257,1.0
1774899401.201646,1.0
1774899401.2201078,1.0
1774899401.2381444,1.0
1774899401.2569857,1.0
1774899401.2750394,1.0
1774899401.2932906,1.0
1774899401.3113782,1.0
1774899401.3295686,1.0
1774899401.3477354,1.0
1774899401.3659072,1.0
1774899401.384053,1.0
1774899401.4021788,1.0
1774899401.4202785,1.0
1774899401.4383945,1.0
1774899401.456506,1.0
1774899401.4745986,1.0
1774899401.4928226,1.0
1774899401.5109744,1.0
1774899401.5290408,1.0
1774899401.547114,1.0
1774899401.565414,1.0
1774899401.5835106,1.0
1774899401.6016023,1.0
1774899401.61976,1.0
1774899401.6379154,1.0
1774899401.6559737,1.0
1774899401.6740463,1.0
1774899401.692215,1.0
1774899401.710342,1.0
1774899401.7284906,1.0
1774899401.746585,1.0
1774899401.7647142,1.0
1774899401.782919,1.0
1774899401.800995,1.0
1774899401.819175,1.0
1774899401.8373833,1.0
1774899401.8555079,1.0
1774899401.873571,1.0
1774899401.8916767,1.0
1774899401.909959,1.0
1774899401.9281127,1.0
1774899401.9462214,1.0
1774899401.9643095,1.0
1774899401.9824102,1.0
1774899402.0005932,1.0
1774899402.018683,1.0
1774899402.0368006,1.0
1774899402.054872,1.0
1774899402.0729644,1.0
1774899402.0910614,1.0
1774899402.1092062,1.0
1774899402.1272795,1.0
1774899402.145444,1.0
1774899402.1635215,1.0
1774899402.183426,1.0
1774899402.2016025,1.0
1774899402.2199116,1.0
1774899402.2379634,1.0
1774899402.256356,1.0
1774899402.274458,1.0
1774899402.2927241,1.0
1774899402.3107924,1.0
1774899402.3290536,1.0
1774899402.3473525,1.0
1774899402.3654864,1.0
1774899402.3836355,1.0
1774899402.4016743,1.0
1774899402.419827,1.0
1774899402.4378753,1.0
1774899402.4559724,1.0
1774899402.474055,1.0
1774899402.4921808,1.0
1774899402.5102308,1.0
1774899402.5283904,1.0
1774899402.5465891,1.0
1774899402.5647147,1.0
1774899402.5827754,1.0
1774899402.6008804,1.0
1774899402.6190674,1.0
1774899402.6371193,1.0
1774899402.6552653,1.0
1774899402.6733806,1.0
1774899402.6914744,1.0
1774899402.709641,1.0
1774899402.7278643,1.0
1774899402.7459595,1.0
1774899402.7640002,1.0
1774899402.7820933,1.0
1774899402.8002112,1.0
1774899402.8182614,1.0
1774899402.836539,1.0
1774899402.854597,1.0
1774899402.8726456,1.0
1774899402.8908813,1.0
1774899402.9089406,1.0
1774899402.9270716,1.0
1774899402.9453406,1.0
1774899402.9634552,1.0
1774899402.9816236,1.0
1774899402.9997375,1.0
1774899403.0178428,1.0
1774899403.035969,1.0
1774899403.0540867,1.0
1774899403.0721788,1.0
1774899403.0903475,1.0
1774899403.108497,1.0
1774899403.1265914,1.0
1774899403.144707,1.0
1774899403.1628113,1.0
1774899403.1814177,1.0
1774899403.2,1.0
1774899403.2183416,1.0
1774899403.2366288,1.0
1774899403.2552528,1.0
1774899403.2734294,1.0
1774899403.291758,1.0
1774899403.3098729,1.0
1774899403.3279858,1.0
1774899403.3462334,1.0
1774899403.364411,1.0
1774899403.3828442,1.0
1774899403.4009326,1.0
1774899403.4190104,1.0
1774899403.437115,1.0
1774899403.455134,1.0
1774899403.4732974,1.0
1774899403.491349,1.0
1774899403.509431,1.0
1774899403.527476,1.0
1774899403.5455964,1.0
1774899403.5637097,1.0
1774899403.581829,1.0
1774899403.6003675,1.0
1774899403.6184175,1.0
1774899403.636558,1.0
1774899403.6546474,1.0
1774899403.6727378,1.0
1774899403.690872,1.0
1774899403.7090745,1.0
1774899403.7271376,1.0
1774899403.7452521,1.0
1774899403.7633991,1.0
1774899403.7814815,1.0
1774899403.7997916,1.0
1774899403.817752,1.0
1774899403.8361502,1.0
1774899403.8542528,1.0
1774899403.8722377,1.0
1774899403.8903356,1.0
1774899403.9083853,1.0
1774899403.9265473,1.0
1774899403.9446514,1.0
1774899403.96277,1.0
1774899403.9808435,1.0
1774899403.9989321,1.0
1774899404.0169888,1.0
1774899404.0350592,1.0
1774899404.0531893,1.0
1774899404.071261,1.0
1774899404.0893881,1.0
1774899404.1074996,1.0
1774899404.1255815,1.0
1774899404.143695,1.0
1774899404.1619658,1.0
1774899404.1800022,1.0
1774899404.1995342,1.0
1774899404.218186,1.0
1774899404.236279,1.0
1774899404.2547827,1.0
1774899404.272914,1.0
1774899404.2913094,1.0
1774899404.3093088,1.0
1774899404.3273869,1.0
1774899404.345772,1.0
1774899404.3638816,1.0
1774899404.3820024,1.0
1774899404.40015,1.0
1774899404.41827,1.0
1774899404.4364023,1.0
1774899404.454485,1.0
1774899404.4728076,1.0
1774899404.49087,1.0
1774899404.5089924,1.0
1774899404.527083,1.0
1774899404.5451818,1.0
1774899404.5633183,1.0
1774899404.5813975,1.0
1774899404.599484,1.0
1774899404.6176062,1.0
1774899404.6356864,1.0
1774899404.6539762,1.0
1774899404.6721237,1.0
1774899404.6901834,1.0
1774899404.7083454,1.0
1774899404.7264192,1.0
1774899404.7446098,1.0
1774899404.7627623,1.0
1774899404.7808666,1.0
1774899404.7989428,1.0
1774899404.8170834,1.0
1774899404.8353832,1.0
1774899404.8534293,1.0
1774899404.8714895,1.0
1774899404.8896282,1.0
1774899404.9076521,1.0
1774899404.9257226,1.0
1774899404.9437928,1.0
1774899404.9618866,1.0
1774899404.9799883,1.0
1774899404.998124,1.0
1774899405.0162277,1.0
1774899405.034336,1.0
1774899405.0524173,1.0
1774899405.0705159,1.0
1774899405.0886376,1.0
1774899405.1067433,1.0
1774899405.1247869,1.0
1774899405.1429217,1.0
1774899405.1611874,1.0
1774899405.1804247,1.0
1774899405.1989107,1.0
1774899405.2173893,1.0
1774899405.235449,1.0
1774899405.2537658,1.0
1774899405.271961,1.0
1774899405.2901864,1.0
1774899405.3082654,1.0
1774899405.3263774,1.0
1774899405.3446114,1.0
1774899405.3627641,1.0
1774899405.3808248,1.0
1774899405.399393,1.0
1774899405.4174552,1.0
1774899405.4355147,1.0
1774899405.4536428,1.0
1774899405.4717455,1.0
1774899405.4899476,1.0
1774899405.508061,1.0
1774899405.5261512,1.0
1774899405.5442884,1.0
1774899405.5623643,1.0
1774899405.580509,1.0
1774899405.5985212,1.0
1774899405.6166434,1.0
1774899405.6347384,1.0
1774899405.6530464,1.0
1774899405.6711276,1.0
1774899405.6891963,1.0
1774899405.7073286,1.0
1774899405.7253854,1.0
1774899405.7434738,1.0
1774899405.7616208,1.0
1774899405.7796903,1.0
1774899405.7977147,1.0
1774899405.8157876,1.0
1774899405.8340251,1.0
1774899405.8521483,1.0
1774899405.8702636,1.0
1774899405.8883476,1.0
1774899405.9065478,1.0
1774899405.9246192,1.0
1774899405.9427457,1.0
1774899405.960934,1.0
1774899405.9789689,1.0
1774899405.9971957,1.0
1774899406.0152564,1.0
1774899406.0333352,1.0
1774899406.0515141,1.0
1774899406.069921,1.0
1774899406.088029,1.0
1774899406.10612,1.0
1774899406.1242278,1.0
1774899406.1423757,1.0
1774899406.1605566,1.0
1774899406.1797085,1.0
1774899406.1982987,1.0
1774899406.2167428,1.0
1774899406.2347925,1.0
1774899406.2531493,1.0
1774899406.2714999,1.0
1774899406.2898166,1.0
1774899406.3080041,1.0
1774899406.3261404,1.0
1774899406.3445208,1.0
1774899406.362706,1.0
1774899406.3808546,1.0
1774899406.398971,1.0
1774899406.4171672,1.0
1774899406.435339,1.0
1774899406.4535065,1.0
1774899406.4716322,1.0
1774899406.4897473,1.0
1774899406.5079365,1.0
1774899406.5261374,1.0
1774899406.544232,1.0
1774899406.5624793,1.0
1774899406.5805845,1.0
1774899406.5988438,1.0
1774899406.6169739,1.0
1774899406.635094,1.0
1774899406.6532936,1.0
1774899406.6714876,1.0
1774899406.6896002,1.0
1774899406.707744,1.0
1774899406.725864,1.0
1774899406.7440097,1.0
1774899406.7621777,1.0
1774899406.780298,1.0
1774899406.798415,1.0
1774899406.8165145,1.0
1774899406.8347504,1.0
1774899406.8528783,1.0
1774899406.8711104,1.0
1774899406.8892348,1.0
1774899406.9073813,1.0
1774899406.9256675,1.0
1774899406.9437747,1.0
1774899406.9619646,1.0
1774899406.9801111,1.0
1774899406.9982219,1.0
1774899407.0163608,1.0
1774899407.0344856,1.0
1774899407.0526772,1.0
1774899407.0709062,1.0
1774899407.0890644,1.0
1774899407.1072695,1.0
1774899407.1254146,1.0
1774899407.1438136,1.0
1774899407.162015,1.0
1774899407.1809902,1.0
1774899407.19955,1.0
1774899407.2182775,1.0
1774899407.2363887,1.0
1774899407.2547877,1.0
1774899407.2731307,1.0
1774899407.2919972,1.0
1774899407.3102396,1.0
1774899407.3283224,1.0
1774899407.3465803,1.0
1774899407.3648734,1.0
1774899407.3830135,1.0
1774899407.4015672,1.0
1774899407.4197266,1.0
1774899407.4378593,1.0
1774899407.4560435,1.0
1774899407.474212,1.0
1774899407.4924192,1.0
1774899407.5105925,1.0
1774899407.5287702,1.0
1774899407.5468988,1.0
1774899407.5651174,1.0
1774899407.5832727,1.0
1774899407.6014025,1.0
1774899407.6195447,1.0
1774899407.6378853,1.0
1774899407.6560447,1.0
1774899407.6741471,1.0
1774899407.692816,1.0
1774899407.7109056,1.0
1774899407.7290373,1.0
1774899407.7471528,1.0
1774899407.7653625,1.0
1774899407.7834644,1.0
1774899407.801639,1.0
1774899407.8197806,1.0
1774899407.8381627,1.0
1774899407.8563392,1.0
1774899407.8744855,1.0
1774899407.8928256,1.0
1774899407.9109554,1.0
1774899407.929121,1.0
1774899407.9473042,1.0
1774899407.965502,1.0
1774899407.9836304,1.0
1774899408.0017438,1.0
1774899408.0200646,1.0
1774899408.0381956,1.0
1774899408.0563917,1.0
1774899408.0745208,1.0
1774899408.0926986,1.0
1774899408.1108146,1.0
1774899408.1289666,1.0
1774899408.1470668,1.0
1774899408.1652708,1.0
1774899408.1851795,1.0
1774899408.2032676,1.0
1774899408.221708,1.0
1774899408.2398417,1.0
1774899408.2585058,1.0
1774899408.276623,1.0
1774899408.2948616,1.0
1774899408.3129857,1.0
1774899408.3311286,1.0
1774899408.349511,1.0
1774899408.3676648,1.0
1774899408.3857632,1.0
1774899408.403924,1.0
1774899408.4220796,1.0
1774899408.440227,1.0
1774899408.4584045,1.0
1774899408.4765108,1.0
1774899408.494654,1.0
1774899408.5129757,1.0
1774899408.5310962,1.0
1774899408.549273,1.0
1774899408.567399,1.0
1774899408.5855153,1.0
1774899408.6038027,1.0
1774899408.6220376,1.0
1774899408.640197,1.0
1774899408.658298,1.0
1774899408.6764045,1.0
1774899408.6944811,1.0
1774899408.7126298,1.0
1774899408.7306964,1.0
1774899408.7488375,1.0
1774899408.7669199,1.0
1774899408.7850006,1.0
1774899408.8031073,1.0
1774899408.8211868,1.0
1774899408.839373,1.0
1774899408.8576002,1.0
1774899408.87593,1.0
1774899408.894029,1.0
1774899408.9122097,1.0
1774899408.9302938,1.0
1774899408.94847,1.0
1774899408.9666474,1.0
1774899408.9848084,1.0
1774899409.0029495,1.0
1774899409.021026,1.0
1774899409.039162,1.0
1774899409.057265,1.0
1774899409.0754335,1.0
1774899409.093539,1.0
1774899409.111845,1.0
1774899409.1299267,1.0
1774899409.1480339,1.0
1774899409.1662598,1.0
1774899409.184875,1.0
1774899409.2037396,1.0
1774899409.2223372,1.0
1774899409.240383,1.0
1774899409.259079,1.0
1774899409.277149,1.0
1774899409.2956314,1.0
1774899409.3136985,1.0
1774899409.331968,1.0
1774899409.350209,1.0
1774899409.368358,1.0
1774899409.3864472,1.0
1774899409.4047713,1.0
1774899409.422858,1.0
1774899409.4410334,1.0
1774899409.4591677,1.0
1774899409.4773126,1.0
1774899409.4953587,1.0
1774899409.5134757,1.0
1774899409.531507,1.0
1774899409.5496478,1.0
1774899409.5678935,1.0
1774899409.585958,1.0
1774899409.6040087,1.0
1774899409.622073,1.0
1774899409.6401556,1.0
1774899409.6582246,1.0
1774899409.6763334,1.0
1774899409.694409,1.0
1774899409.712503,1.0
1774899409.7306159,1.0
1774899409.7492492,1.0
1774899409.7672353,1.0
1774899409.7852964,1.0
1774899409.8034108,1.0
1774899409.8214998,1.0
1774899409.8396504,1.0
1774899409.857783,1.0
1774899409.8758633,1.0
1774899409.89394,1.0
1774899409.9120455,1.0
1774899409.9301138,1.0
1774899409.9483075,1.0
1774899409.9665036,1.0
1774899409.9846108,1.0
1774899410.00271,1.0
1774899410.0207357,1.0
1774899410.038927,1.0
1774899410.0570457,1.0
1774899410.0751603,1.0
1774899410.0933828,1.0
1774899410.1114807,1.0
1774899410.1297436,1.0
1774899410.1478531,1.0
1774899410.1659703,1.0
1774899410.1854312,1.0
1774899410.204737,1.0
1774899410.2231374,1.0
1774899410.2412512,1.0
1774899410.2598605,1.0
1774899410.2779312,1.0
1774899410.2962382,1.0
1774899410.3143485,1.0
1774899410.3324535,1.0
1774899410.350706,1.0
1774899410.368821,1.0
1774899410.3869827,1.0
1774899410.405061,1.0
1774899410.4232562,1.0
1774899410.441283,1.0
1774899410.4595287,1.0
1774899410.477953,1.0
1774899410.4959762,1.0
1774899410.514085,1.0
1774899410.5323358,1.0
1774899410.5504227,1.0
1774899410.5685425,1.0
1774899410.5867167,1.0
1774899410.6048036,1.0
1774899410.6228774,1.0
1774899410.6410296,1.0
1774899410.6591928,1.0
1774899410.6773272,1.0
1774899410.6954398,1.0
1774899410.7135222,1.0
1774899410.731617,1.0
1774899410.749843,1.0
1774899410.7680912,1.0
1774899410.786227,1.0
1774899410.8043678,1.0
1774899410.822474,1.0
1774899410.8406436,1.0
1774899410.859014,1.0
1774899410.8770823,1.0
1774899410.8951852,1.0
1774899410.9132895,1.0
1774899410.9314466,1.0
1774899410.9495049,1.0
1774899410.967673,1.0
1774899410.9857895,1.0
1774899411.0040238,1.0
1774899411.022146,1.0
1774899411.040229,1.0
1774899411.0583663,1.0
1774899411.0764313,1.0
1774899411.0947592,1.0
1774899411.112836,1.0
1774899411.1309626,1.0
1774899411.1491554,1.0
1774899411.1672673,1.0
1774899411.186118,1.0
1774899411.2044082,1.0
1774899411.2228818,1.0
1774899411.2409527,1.0
1774899411.259681,1.0
1774899411.277741,1.0
1774899411.2961526,1.0
1774899411.3141897,1.0
1774899411.3323772,1.0
1774899411.3505528,1.0
1774899411.3686955,1.0
1774899411.3868153,1.0
1774899411.4052732,1.0
1774899411.4233541,1.0
1774899411.4414704,1.0
1774899411.4595246,1.0
1774899411.477698,1.0
1774899411.495801,1.0
1774899411.513917,1.0
1774899411.5320346,1.0
1774899411.5501468,1.0
1774899411.5767384,1.0
1774899411.6095254,1.0
1774899411.6312401,1.0
1774899411.6514797,1.0
1774899411.6773882,1.0
1774899411.6954699,1.0
1774899411.713667,1.0
1774899411.7353928,1.0
1774899411.7536886,1.0
1774899411.7719975,1.0
1774899411.79054,1.0
1774899411.8088923,1.0
1774899411.8272762,1.0
1774899411.845352,1.0
1774899411.8635464,1.0
1774899411.8817954,1.0
1774899411.899993,1.0
1774899411.9181986,1.0
1774899411.9364634,1.0
1774899411.9546738,1.0
1774899411.9728878,1.0
1774899411.9910045,1.0
1774899412.0092185,1.0
1774899412.027446,1.0
1774899412.045632,1.0
1774899412.0638933,1.0
1774899412.082082,1.0
1774899412.1003542,1.0
1774899412.1185827,1.0
1774899412.1367931,1.0
1774899412.1550958,1.0
1774899412.173304,1.0
1774899412.1931348,1.0
1774899412.211147,1.0
1774899412.2292724,1.0
1774899412.247468,1.0
1774899412.2660358,1.0
1774899412.284338,1.0
1774899412.3022528,1.0
1774899412.3202758,1.0
1774899412.3384078,1.0
1774899412.3564436,1.0
1774899412.3744972,1.0
1774899412.392563,1.0
1774899412.4105234,1.0
1774899412.428535,1.0
1774899412.4465497,1.0
1774899412.464564,1.0
1774899412.4826713,1.0
1774899412.5006435,1.0
1774899412.518739,1.0
1774899412.5368335,1.0
1774899412.554836,1.0
1774899412.572898,1.0
1774899412.590948,1.0
1774899412.6089363,1.0
1774899412.6269803,1.0
1774899412.6450675,1.0
1774899412.6630685,1.0
1774899412.6811595,1.0
1774899412.6991575,1.0
1774899412.7173538,1.0
1774899412.7354276,1.0
1774899412.753493,1.0
1774899412.7715683,1.0
1774899412.7894986,1.0
1774899412.8075454,1.0
1774899412.8255002,1.0
1774899412.8434815,1.0
1774899412.8614326,1.0
1774899412.8794239,1.0
1774899412.8973217,1.0
1774899412.9153435,1.0
1774899412.933301,1.0
1774899412.9513178,1.0
1774899412.969257,1.0
1774899412.98754,1.0
1774899413.0054996,1.0
1774899413.0255363,1.0
1774899413.0454013,1.0
1774899413.063308,1.0
1774899413.0812798,1.0
1774899413.0992377,1.0
1774899413.117207,1.0
1774899413.1351686,1.0
1774899413.1531582,1.0
1774899413.1713045,1.0
1774899413.1910188,1.0
1774899413.2091482,1.0
1774899413.227238,1.0
1774899413.2454462,1.0
1774899413.2639375,1.0
1774899413.2820234,1.0
1774899413.3000493,1.0
1774899413.3181143,1.0
1774899413.3362558,1.0
1774899413.3542647,1.0
1774899413.3737528,1.0
1774899413.394173,1.0
1774899413.4122164,1.0
1774899413.430312,1.0
1774899413.4484746,1.0
1774899413.4667637,1.0
1774899413.4848146,1.0
1774899413.5028825,1.0
1774899413.5209432,1.0
1774899413.5390172,1.0
1774899413.5571103,1.0
1774899413.5753992,1.0
1774899413.5934756,1.0
1774899413.6115453,1.0
1774899413.6296322,1.0
1774899413.647757,1.0
1774899413.665898,1.0
1774899413.6840184,1.0
1774899413.7032635,1.0
1774899413.721332,1.0
1774899413.7393618,1.0
1774899413.7574515,1.0
1774899413.7755952,1.0
1774899413.7936647,1.0
1774899413.8117428,1.0
1774899413.8300877,1.0
1774899413.8485188,1.0
1774899413.866589,1.0
1774899413.884752,1.0
1774899413.9028146,1.0
1774899413.9209454,1.0
1774899413.9390016,1.0
1774899413.9570944,1.0
1774899413.9751408,1.0
1774899413.9932513,1.0
1774899414.0112736,1.0
1774899414.0293171,1.0
1774899414.0473917,1.0
1774899414.065543,1.0
1774899414.0836015,1.0
1774899414.1016417,1.0
1774899414.1196938,1.0
1774899414.1378264,1.0
1774899414.1558938,1.0
1774899414.1740053,1.0
1774899414.1934605,1.0
1774899414.2117274,1.0
1774899414.229697,1.0
1774899414.2478046,1.0
1774899414.2662098,1.0
1774899414.2843342,1.0
1774899414.3023021,1.0
1774899414.320276,1.0
1774899414.3384223,1.0
1774899414.3564646,1.0
1774899414.3744237,1.0
1774899414.3924448,1.0
1774899414.4104705,1.0
1774899414.4284565,1.0
1774899414.4464223,1.0
1774899414.4644473,1.0
1774899414.482409,1.0
1774899414.5004306,1.0
1774899414.5184536,1.0
1774899414.5364828,1.0
1774899414.5546372,1.0
1774899414.5726693,1.0
1774899414.5906231,1.0
1774899414.6086576,1.0
1774899414.6265743,1.0
1774899414.644724,1.0
1774899414.6627176,1.0
1774899414.680731,1.0
1774899414.698677,1.0
1774899414.7166386,1.0
1774899414.7347023,1.0
1774899414.7528818,1.0
1774899414.7709203,1.0
1774899414.788861,1.0
1774899414.806944,1.0
1774899414.825324,1.0
1774899414.8432157,1.0
1774899414.8612335,1.0
1774899414.8792655,1.0
1774899414.89723,1.0
1774899414.915291,1.0
1774899414.9333358,1.0
1774899414.9515076,1.0
1774899414.9695473,1.0
1774899414.9875863,1.0
1774899415.0056553,1.0
1774899415.0236888,1.0
1774899415.0417604,1.0
1774899415.0597801,1.0
1774899415.0778947,1.0
1774899415.0958834,1.0
1774899415.1140425,1.0
1774899415.1321156,1.0
1774899415.1501393,1.0
1774899415.1682506,1.0
1774899415.1873715,1.0
1774899415.2056558,1.0
1774899415.2237813,1.0
1774899415.2418795,1.0
1774899415.260434,1.0
1774899415.278518,1.0
1774899415.2967138,1.0
1774899415.3148756,1.0
1774899415.3328898,1.0
1774899415.3511326,1.0
1774899415.3691745,1.0
1774899415.3872356,1.0
1774899415.4056797,1.0
1774899415.4237316,1.0
1774899415.441829,1.0
1774899415.4598742,1.0
1774899415.4780254,1.0
1774899415.4960556,1.0
1774899415.514087,1.0
1774899415.532143,1.0
1774899415.5502179,1.0
1774899415.5682719,1.0
1774899415.5863335,1.0
1774899415.6043324,1.0
1774899415.6223865,1.0
1774899415.6404402,1.0
1774899415.6584601,1.0
1774899415.676495,1.0
1774899415.694628,1.0
1774899415.7127783,1.0
1774899415.730922,1.0
1774899415.7490926,1.0
1774899415.7671428,1.0
1774899415.7852235,1.0
1774899415.8033967,1.0
1774899415.8246942,1.0
1774899415.8430853,1.0
1774899415.8611245,1.0
1774899415.8799176,1.0
1774899415.8983526,1.0
1774899415.9166827,1.0
1774899415.9347103,1.0
1774899415.9529462,1.0
1774899415.9710495,1.0
1774899415.9892302,1.0
1774899416.0073695,1.0
1774899416.025553,1.0
1774899416.043664,1.0
1774899416.061785,1.0
1774899416.0799782,1.0
1774899416.0981212,1.0
1774899416.116354,1.0
1774899416.1346812,1.0
1774899416.1527832,1.0
1774899416.1709137,1.0
1774899416.1902914,1.0
1774899416.2086482,1.0
1774899416.226748,1.0
1774899416.2449605,1.0
1774899416.2634168,1.0
1774899416.2816994,1.0
1774899416.2998664,1.0
1774899416.318021,1.0
1774899416.3361533,1.0
1774899416.3544512,1.0
1774899416.3726711,1.0
1774899416.3908746,1.0
1774899416.4089975,1.0
1774899416.427261,1.0
1774899416.4454975,1.0
1774899416.4636548,1.0
1774899416.4818723,1.0
1774899416.5000489,1.0
1774899416.5182917,1.0
1774899416.5365534,1.0
1774899416.5547507,1.0
1774899416.5729814,1.0
1774899416.5911818,1.0
1774899416.6093957,1.0
1774899416.627583,1.0
1774899416.6457167,1.0
1774899416.6639593,1.0
1774899416.6821346,1.0
1774899416.7004275,1.0
1774899416.718595,1.0
1774899416.7367427,1.0
1774899416.7549603,1.0
1774899416.7732496,1.0
1774899416.7916038,1.0
1774899416.8098242,1.0
1774899416.8281906,1.0
1774899416.8464446,1.0
1774899416.8646855,1.0
1774899416.8829525,1.0
1774899416.9011745,1.0
1774899416.9193668,1.0
1774899416.9377422,1.0
1774899416.955956,1.0
1774899416.9741676,1.0
1774899416.9925222,1.0
1774899417.0107355,1.0
1774899417.0289624,1.0
1774899417.0472264,1.0
1774899417.0655065,1.0
1774899417.083708,1.0
1774899417.10208,1.0
1774899417.1202888,1.0
1774899417.138553,1.0
1774899417.1566908,1.0
1774899417.1750157,1.0
1774899417.1948528,1.0
1774899417.2134976,1.0
1774899417.2316427,1.0
1774899417.2502663,1.0
1774899417.2686012,1.0
1774899417.2871158,1.0
1774899417.3053007,1.0
1774899417.3235357,1.0
1774899417.3419192,1.0
1774899417.360228,1.0
1774899417.3784914,1.0
1774899417.3981616,1.0
1774899417.416404,1.0
1774899417.434681,1.0
1774899417.452944,1.0
1774899417.4711437,1.0
1774899417.4893723,1.0
1774899417.5076313,1.0
1774899417.525839,1.0
1774899417.544084,1.0
1774899417.5623353,1.0
1774899417.580687,1.0
1774899417.5989356,1.0
1774899417.6171453,1.0
1774899417.6354003,1.0
1774899417.6536288,1.0
1774899417.6719565,1.0
1774899417.6900947,1.0
1774899417.7083511,1.0
1774899417.726589,1.0
1774899417.7448354,1.0
1774899417.7630653,1.0
1774899417.7812786,1.0
1774899417.7995317,1.0
1774899417.817741,1.0
1774899417.8361914,1.0
1774899417.85443,1.0
1774899417.8726628,1.0
1774899417.8908775,1.0
1774899417.9091318,1.0
1774899417.9273717,1.0
1774899417.9459386,1.0
1774899417.964173,1.0
1774899417.9824762,1.0
1774899418.000753,1.0
1774899418.0189886,1.0
1774899418.0372086,1.0
1774899418.0554123,1.0
1774899418.0736468,1.0
1774899418.091896,1.0
1774899418.1101403,1.0
1774899418.1283262,1.0
1774899418.1465306,1.0
1774899418.1648905,1.0
1774899418.1849465,1.0
1774899418.202968,1.0
1774899418.2214196,1.0
1774899418.2396884,1.0
1774899418.2580802,1.0
1774899418.2767122,1.0
1774899418.295129,1.0
1774899418.3133688,1.0
1774899418.331379,1.0
1774899418.349869,1.0
1774899418.368087,1.0
1774899418.3863504,1.0
1774899418.4043446,1.0
1774899418.4225733,1.0
1774899418.4407814,1.0
1774899418.4590168,1.0
1774899418.47716,1.0
1774899418.4953902,1.0
1774899418.5137227,1.0
1774899418.5319073,1.0
1774899418.5500946,1.0
1774899418.5682926,1.0
1774899418.5864978,1.0
1774899418.604688,1.0
1774899418.6229484,1.0
1774899418.640956,1.0
1774899418.659059,1.0
1774899418.6772118,1.0
1774899418.6954606,1.0
1774899418.7136796,1.0
1774899418.7318943,1.0
1774899418.7500968,1.0
1774899418.76832,1.0
1774899418.7866607,1.0
1774899418.8046796,1.0
1774899418.8227012,1.0
1774899418.8408256,1.0
1774899418.8588839,1.0
1774899418.8770216,1.0
1774899418.8950622,1.0
1774899418.9132774,1.0
1774899418.9313793,1.0
1774899418.9494946,1.0
1774899418.9675846,1.0
1774899418.9857376,1.0
1774899419.0038106,1.0
1774899419.0220435,1.0
1774899419.0401652,1.0
1774899419.058342,1.0
1774899419.0764828,1.0
1774899419.0945907,1.0
1774899419.1129262,1.0
1774899419.1310303,1.0
1774899419.149164,1.0
1774899419.1673777,1.0
1774899419.1860347,1.0
1774899419.2047186,1.0
1774899419.2232215,1.0
1774899419.2414672,1.0
1774899419.2599447,1.0
1774899419.2782502,1.0
1774899419.2965648,1.0
1774899419.3146977,1.0
1774899419.3328726,1.0
1774899419.3512027,1.0
1774899419.3693762,1.0
1774899419.3875387,1.0
1774899419.4057844,1.0
1774899419.4240007,1.0
1774899419.442112,1.0
1774899419.4602723,1.0
1774899419.4784465,1.0
1774899419.4966052,1.0
1774899419.5147464,1.0
1774899419.5328627,1.0
1774899419.5510612,1.0
1774899419.569224,1.0
1774899419.5873606,1.0
1774899419.6056726,1.0
1774899419.623783,1.0
1774899419.6419518,1.0
1774899419.6601856,1.0
1774899419.6782987,1.0
1774899419.6965005,1.0
1774899419.7146611,1.0
1774899419.732784,1.0
1774899419.758711,1.0
1774899419.7912083,1.0
1774899419.809553,1.0
1774899419.8358939,1.0
1774899419.8539534,1.0
1774899419.8728964,1.0
1774899419.8914754,1.0
1774899419.909729,1.0
1774899419.927995,1.0
1774899419.9462934,1.0
1774899419.9644942,1.0
1774899419.9829965,1.0
1774899420.0013247,1.0
1774899420.0195205,1.0
1774899420.0376964,1.0
1774899420.05592,1.0
1774899420.0741923,1.0
1774899420.0923784,1.0
1774899420.1105933,1.0
1774899420.12885,1.0
1774899420.1471035,1.0
1774899420.1653264,1.0
1774899420.1849236,1.0
1774899420.2030017,1.0
1774899420.2213624,1.0
1774899420.2395873,1.0
1774899420.2579353,1.0
1774899420.276376,1.0
1774899420.2946746,1.0
1774899420.3128314,1.0
1774899420.3310487,1.0
1774899420.3495471,1.0
1774899420.3677406,1.0
1774899420.3860235,1.0
1774899420.4041855,1.0
1774899420.42237,1.0
1774899420.440612,1.0
1774899420.4588249,1.0
1774899420.4770777,1.0
1774899420.4953194,1.0
1774899420.5135496,1.0
1774899420.5317726,1.0
1774899420.5500882,1.0
1774899420.5684097,1.0
1774899420.5866094,1.0
1774899420.604868,1.0
1774899420.623067,1.0
1774899420.6413157,1.0
1774899420.6595078,1.0
1774899420.6777627,1.0
1774899420.6959813,1.0
1774899420.714192,1.0
1774899420.7323513,1.0
1774899420.7505767,1.0
1774899420.7688048,1.0
1774899420.7869978,1.0
1774899420.8052094,1.0
1774899420.8234239,1.0
1774899420.841642,1.0
1774899420.8598557,1.0
1774899420.8780954,1.0
1774899420.896331,1.0
1774899420.9145062,1.0
1774899420.9327204,1.0
1774899420.9509563,1.0
1774899420.969192,1.0
1774899420.9874365,1.0
1774899421.0056732,1.0
1774899421.0238676,1.0
1774899421.0420775,1.0
1774899421.0604918,1.0
1774899421.0786994,1.0
1774899421.0969703,1.0
1774899421.1151123,1.0
1774899421.1331778,1.0
1774899421.151282,1.0
1774899421.1692972,1.0
1774899421.1890776,1.0
1774899421.2070308,1.0
1774899421.2252586,1.0
1774899421.2433445,1.0
1774899421.261461,1.0
1774899421.2796528,1.0
1774899421.2977667,1.0
1774899421.3159149,1.0
1774899421.333929,1.0
1774899421.3520303,1.0
1774899421.3701031,1.0
1774899421.388195,1.0
1774899421.4065962,1.0
1774899421.424709,1.0
1774899421.4427807,1.0
1774899421.46083,1.0
1774899421.4788878,1.0
1774899421.4970226,1.0
1774899421.5151076,1.0
1774899421.533165,1.0
1774899421.5512776,1.0
1774899421.5693328,1.0
1774899421.5875983,1.0
1774899421.6057034,1.0
1774899421.62389,1.0
1774899421.6419663,1.0
1774899421.660211,1.0
1774899421.678295,1.0
1774899421.6963751,1.0
1774899421.7144213,1.0
1774899421.7324867,1.0
1774899421.750744,1.0
1774899421.7687788,1.0
1774899421.7868729,1.0
1774899421.805157,1.0
1774899421.823206,1.0
1774899421.8413577,1.0
1774899421.8594096,1.0
1774899421.8774583,1.0
1774899421.895684,1.0
1774899421.913703,1.0
1774899421.9317925,1.0
1774899421.9498115,1.0
1774899421.967935,1.0
1774899421.9860454,1.0
1774899422.0041618,1.0
1774899422.0222764,1.0
1774899422.0406094,1.0
1774899422.0587127,1.0
1774899422.076788,1.0
1774899422.0950196,1.0
1774899422.1131392,1.0
1774899422.1312745,1.0
1774899422.1493874,1.0
1774899422.1674988,1.0
1774899422.1862872,1.0
1774899422.2046757,1.0
1774899422.223131,1.0
1774899422.2412286,1.0
1774899422.2596056,1.0
1774899422.2780335,1.0
1774899422.2963583,1.0
1774899422.3144274,1.0
1774899422.3327677,1.0
1774899422.3512146,1.0
1774899422.3693357,1.0
1774899422.3875296,1.0
1774899422.4056342,1.0
1774899422.4237607,1.0
1774899422.4418511,1.0
1774899422.4600627,1.0
1774899422.4782102,1.0
1774899422.4963057,1.0
1774899422.5143719,1.0
1774899422.5324848,1.0
1774899422.5506604,1.0
1774899422.5687432,1.0
1774899422.586911,1.0
1774899422.6052084,1.0
1774899422.623321,1.0
1774899422.6414146,1.0
1774899422.6595604,1.0
1774899422.6776617,1.0
1774899422.6958034,1.0
1774899422.7140577,1.0
1774899422.7322176,1.0
1774899422.750367,1.0
1774899422.7684886,1.0
1774899422.7866342,1.0
1774899422.804911,1.0
1774899422.8230147,1.0
1774899422.8411472,1.0
1774899422.8592498,1.0
1774899422.8774133,1.0
1774899422.8955202,1.0
1774899422.9138098,1.0
1774899422.9319654,1.0
1774899422.9502032,1.0
1774899422.9683092,1.0
1774899422.986448,1.0
1774899423.0045538,1.0
1774899423.0228126,1.0
1774899423.040922,1.0
1774899423.0590436,1.0
1774899423.077289,1.0
1774899423.0953982,1.0
1774899423.1135159,1.0
1774899423.1316788,1.0
1774899423.1498332,1.0
1774899423.1679714,1.0
1774899423.1874187,1.0
1774899423.2058258,1.0
1774899423.2245226,1.0
1774899423.2427008,1.0
1774899423.26104,1.0
1774899423.2795851,1.0
1774899423.2979581,1.0
1774899423.3161418,1.0
1774899423.3343518,1.0
1774899423.3527293,1.0
1774899423.3709314,1.0
1774899423.3891537,1.0
1774899423.4074366,1.0
1774899423.4255812,1.0
1774899423.4437304,1.0
1774899423.4619272,1.0
1774899423.4801445,1.0
1774899423.4981503,1.0
1774899423.5162501,1.0
1774899423.5342507,1.0
1774899423.5522382,1.0
1774899423.5702844,1.0
1774899423.5883503,1.0
1774899423.6065457,1.0
1774899423.624562,1.0
1774899423.6426444,1.0
1774899423.6607149,1.0
1774899423.6787715,1.0
1774899423.696938,1.0
1774899423.7149804,1.0
1774899423.7331655,1.0
1774899423.7512052,1.0
1774899423.7693098,1.0
1774899423.7874613,1.0
1774899423.8054786,1.0
1774899423.823544,1.0
1774899423.8417418,1.0
1774899423.8599088,1.0
1774899423.8785355,1.0
1774899423.8966973,1.0
1774899423.9148743,1.0
1774899423.933025,1.0
1774899423.9511855,1.0
1774899423.96933,1.0
1774899423.987569,1.0
1774899424.0057936,1.0
1774899424.0239124,1.0
1774899424.0420263,1.0
1774899424.0602224,1.0
1774899424.078627,1.0
1774899424.0967283,1.0
1774899424.1148214,1.0
1774899424.1329625,1.0
1774899424.1510453,1.0
1774899424.169262,1.0
1774899424.1888328,1.0
1774899424.2070718,1.0
1774899424.2252793,1.0
1774899424.2435405,1.0
1774899424.2618508,1.0
1774899424.280571,1.0
1774899424.315677,1.0
1774899424.347757,1.0
1774899424.3915262,1.0
1774899424.4373264,1.0
1774899424.4795365,1.0
1774899424.5207124,1.0
1774899424.5669775,1.0
1774899424.6094613,1.0
1774899424.6510565,1.0
1774899424.6833496,1.0
1774899424.7130516,1.0
1774899424.7487605,1.0
1774899424.7793121,1.0
1774899424.8215246,1.0
1774899424.86452,1.0
1774899424.9075143,1.0
1774899424.9262133,1.0
1774899424.9444096,1.0
1774899424.9625032,1.0
1774899424.9808102,1.0
1774899424.9991472,1.0
1774899425.01725,1.0
1774899425.0353703,1.0
1774899425.0534751,1.0
1774899425.0715885,1.0
1774899425.0897202,1.0
1774899425.1078017,1.0
1774899425.1259336,1.0
1774899425.1441603,1.0
1774899425.1625075,1.0
1774899425.1820254,1.0
1774899425.201084,1.0
1774899425.2196512,1.0
1774899425.237855,1.0
1774899425.256207,1.0
1774899425.2745478,1.0
1774899425.2931087,1.0
1774899425.3112597,1.0
1774899425.329467,1.0
1774899425.3476722,1.0
1774899425.3660405,1.0
1774899425.3843834,1.0
1774899425.402585,1.0
1774899425.4210835,1.0
1774899425.4393172,1.0
1774899425.457499,1.0
1774899425.4757419,1.0
1774899425.4939706,1.0
1774899425.5121167,1.0
1774899425.5303617,1.0
1774899425.5485146,1.0
1774899425.5666935,1.0
1774899425.5848532,1.0
1774899425.603028,1.0
1774899425.6212127,1.0
1774899425.639414,1.0
1774899425.657591,1.0
1774899425.6759212,1.0
1774899425.694046,1.0
1774899425.71229,1.0
1774899425.7304869,1.0
1774899425.7488241,1.0
1774899425.7669842,1.0
1774899425.785163,1.0
1774899425.8033807,1.0
1774899425.8215764,1.0
1774899425.8397045,1.0
1774899425.857841,1.0
1774899425.8760436,1.0
1774899425.894174,1.0
1774899425.9123125,1.0
1774899425.9305103,1.0
1774899425.9486725,1.0
1774899425.966843,1.0
1774899425.9851277,1.0
1774899426.0033758,1.0
1774899426.0215893,1.0
1774899426.0397391,1.0
1774899426.0579886,1.0
1774899426.07611,1.0
1774899426.0944102,1.0
1774899426.1126127,1.0
1774899426.1312377,1.0
1774899426.1494534,1.0
1774899426.1676087,1.0
1774899426.1874197,1.0
1774899426.2056458,1.0
1774899426.2240198,1.0
1774899426.2421234,1.0
1774899426.2605505,1.0
1774899426.2792876,1.0
1774899426.2976563,1.0
1774899426.3157613,1.0
1774899426.333888,1.0
1774899426.3522365,1.0
1774899426.3703413,1.0
1774899426.388456,1.0
1774899426.406539,1.0
1774899426.4246588,1.0
1774899426.4428444,1.0
1774899426.4610217,1.0
1774899426.4791567,1.0
1774899426.4972706,1.0
1774899426.5153754,1.0
1774899426.533526,1.0
1774899426.5516398,1.0
1774899426.569728,1.0
1774899426.5878258,1.0
1774899426.6059973,1.0
1774899426.6241052,1.0
1774899426.642227,1.0
1774899426.6603837,1.0
1774899426.6785257,1.0
1774899426.6966085,1.0
1774899426.7147005,1.0
1774899426.7328327,1.0
1774899426.7510188,1.0
1774899426.7691154,1.0
1774899426.787224,1.0
1774899426.8053317,1.0
1774899426.8236315,1.0
1774899426.8416939,1.0
1774899426.8598423,1.0
1774899426.877971,1.0
1774899426.896069,1.0
1774899426.914233,1.0
1774899426.9322073,1.0
1774899426.9503639,1.0
1774899426.9684443,1.0
1774899426.986634,1.0
1774899427.0047362,1.0
1774899427.0228388,1.0
1774899427.0409272,1.0
1774899427.0590708,1.0
1774899427.0771692,1.0
1774899427.0953584,1.0
1774899427.1136491,1.0
1774899427.131904,1.0
1774899427.1500177,1.0
1774899427.1681035,1.0
1774899427.1867256,1.0
1774899427.2050664,1.0
1774899427.2233808,1.0
1774899427.2414696,1.0
1774899427.2599063,1.0
1774899427.2781818,1.0
1774899427.2965548,1.0
1774899427.314659,1.0
1774899427.332775,1.0
1774899427.3510766,1.0
1774899427.369284,1.0
1774899427.3873513,1.0
1774899427.4056156,1.0
1774899427.423887,1.0
1774899427.442032,1.0
1774899427.4601212,1.0
1774899427.4782553,1.0
1774899427.4965124,1.0
1774899427.5146632,1.0
1774899427.532729,1.0
1774899427.550856,1.0
1774899427.5690355,1.0
1774899427.5871053,1.0
1774899427.6053545,1.0
1774899427.6234772,1.0
1774899427.6415687,1.0
1774899427.659666,1.0
1774899427.6779041,1.0
1774899427.6960132,1.0
1774899427.7140877,1.0
1774899427.732224,1.0
1774899427.7502987,1.0
1774899427.7684152,1.0
1774899427.7865303,1.0
1774899427.8048465,1.0
1774899427.8229265,1.0
1774899427.8410313,1.0
1774899427.8592606,1.0
1774899427.8774326,1.0
1774899427.8955305,1.0
1774899427.9137688,1.0
1774899427.9318714,1.0
1774899427.949988,1.0
1774899427.9681473,1.0
1774899427.986229,1.0
1774899428.0043702,1.0
1774899428.0226026,1.0
1774899428.0409412,1.0
1774899428.0590456,1.0
1774899428.077195,1.0
1774899428.0952196,1.0
1774899428.1133606,1.0
1774899428.131437,1.0
1774899428.1495867,1.0
1774899428.167867,1.0
1774899428.1870732,1.0
1774899428.2053976,1.0
1774899428.2238057,1.0
1774899428.2419164,1.0
1774899428.2603183,1.0
1774899428.2787414,1.0
1774899428.297055,1.0
1774899428.31516,1.0
1774899428.3332365,1.0
1774899428.3515978,1.0
1774899428.3696833,1.0
1774899428.3877835,1.0
1774899428.4059339,1.0
1774899428.4241111,1.0
1774899428.442211,1.0
1774899428.4603832,1.0
1774899428.478479,1.0
1774899428.496534,1.0
1774899428.5146646,1.0
1774899428.5328963,1.0
1774899428.5510283,1.0
1774899428.5692375,1.0
1774899428.5874033,1.0
1774899428.6055481,1.0
1774899428.6238265,1.0
1774899428.641926,1.0
1774899428.6600628,1.0
1774899428.6782677,1.0
1774899428.6963825,1.0
1774899428.7145634,1.0
1774899428.7326057,1.0
1774899428.750747,1.0
1774899428.7689855,1.0
1774899428.787083,1.0
1774899428.8052566,1.0
1774899428.8234472,1.0
1774899428.8415654,1.0
1774899428.8597505,1.0
1774899428.87802,1.0
1774899428.8961332,1.0
1774899428.9143226,1.0
1774899428.9324152,1.0
1774899428.9505382,1.0
1774899428.9687016,1.0
1774899428.9867826,1.0
1774899429.0051255,1.0
1774899429.0232503,1.0
1774899429.0413318,1.0
1774899429.0594132,1.0
1774899429.0775793,1.0
1774899429.0957732,1.0
1774899429.1138904,1.0
1774899429.1320953,1.0
1774899429.1502128,1.0
1774899429.1685061,1.0
1774899429.188269,1.0
1774899429.2063448,1.0
1774899429.2247279,1.0
1774899429.2428427,1.0
1774899429.2611563,1.0
1774899429.2794676,1.0
1774899429.2977352,1.0
1774899429.3158402,1.0
1774899429.3339882,1.0
1774899429.352322,1.0
1774899429.3703651,1.0
1774899429.388576,1.0
1774899429.4067507,1.0
1774899429.4249687,1.0
1774899429.44307,1.0
1774899429.4611907,1.0
1774899429.4793584,1.0
1774899429.497422,1.0
1774899429.5155725,1.0
1774899429.5338101,1.0
1774899429.5519855,1.0
1774899429.5701072,1.0
1774899429.5882657,1.0
1774899429.6064045,1.0
1774899429.6245124,1.0
1774899429.642608,1.0
1774899429.6607628,1.0
1774899429.6788485,1.0
1774899429.696992,1.0
1774899429.7151513,1.0
1774899429.7333386,1.0
1774899429.751632,1.0
1774899429.7697113,1.0
1774899429.7877786,1.0
1774899429.8059497,1.0
1774899429.8240573,1.0
1774899429.8421774,1.0
1774899429.8603573,1.0
1774899429.8785133,1.0
1774899429.896611,1.0
1774899429.9147031,1.0
1774899429.9328983,1.0
1774899429.9509647,1.0
1774899429.969074,1.0
1774899429.9871457,1.0
1774899430.0053344,1.0
1774899430.0233889,1.0
1774899430.041486,1.0
1774899430.0597417,1.0
1774899430.0778615,1.0
1774899430.0959547,1.0
1774899430.1141353,1.0
1774899430.1322377,1.0
1774899430.1503732,1.0
1774899430.1685424,1.0
1774899430.188179,1.0
1774899430.20627,1.0
1774899430.2249858,1.0
1774899430.2431288,1.0
1774899430.261387,1.0
1774899430.2797074,1.0
1774899430.297887,1.0
1774899430.3159943,1.0
1774899430.3340824,1.0
1774899430.3525405,1.0
1774899430.3706145,1.0
1774899430.3887322,1.0
1774899430.4069083,1.0
1774899430.425091,1.0
1774899430.4431853,1.0
1774899430.4612796,1.0
1774899430.4795277,1.0
1774899430.4976356,1.0
1774899430.5157526,1.0
1774899430.5338879,1.0
1774899430.5520341,1.0
1774899430.5701857,1.0
1774899430.588369,1.0
1774899430.6065927,1.0
1774899430.6247118,1.0
1774899430.6429622,1.0
1774899430.661102,1.0
1774899430.6792095,1.0
1774899430.6973736,1.0
1774899430.7154622,1.0
1774899430.73357,1.0
1774899430.7516723,1.0
1774899430.769873,1.0
1774899430.7879503,1.0
1774899430.8061037,1.0
1774899430.8243062,1.0
1774899430.8424406,1.0
1774899430.8605137,1.0
1774899430.8786163,1.0
1774899430.8967671,1.0
1774899430.9148595,1.0
1774899430.9329772,1.0
1774899430.951127,1.0
1774899430.9692776,1.0
1774899430.9874704,1.0
1774899431.0057442,1.0
1774899431.023847,1.0
1774899431.0419223,1.0
1774899431.0601683,1.0
1774899431.0782285,1.0
1774899431.0963948,1.0
1774899431.1145473,1.0
1774899431.1326835,1.0
1774899431.1507857,1.0
1774899431.1688964,1.0
1774899431.1889198,1.0
1774899431.2071004,1.0
1774899431.2253938,1.0
1774899431.2435582,1.0
1774899431.2617216,1.0
1774899431.2800682,1.0
1774899431.2983131,1.0
1774899431.3163872,1.0
1774899431.334734,1.0
1774899431.3530552,1.0
1774899431.3711793,1.0
1774899431.3893719,1.0
1774899431.4075646,1.0
1774899431.4261484,1.0
1774899431.4442735,1.0
1774899431.4625876,1.0
1774899431.480742,1.0
1774899431.4988377,1.0
1774899431.5169277,1.0
1774899431.5350795,1.0
1774899431.5532112,1.0
1774899431.5713012,1.0
1774899431.5894737,1.0
1774899431.6076329,1.0
1774899431.6257565,1.0
1774899431.6439388,1.0
1774899431.6620915,1.0
1774899431.6802013,1.0
1774899431.698411,1.0
1774899431.7164862,1.0
1774899431.7346482,1.0
1774899431.7527673,1.0
1774899431.770881,1.0
1774899431.7889862,1.0
1774899431.8071647,1.0
1774899431.825304,1.0
1774899431.8433971,1.0
1774899431.8616834,1.0
1774899431.8799105,1.0
1774899431.8980107,1.0
1774899431.916115,1.0
1774899431.9343028,1.0
1774899431.952395,1.0
1774899431.9705138,1.0
1774899431.9886084,1.0
1774899432.0068161,1.0
1774899432.0250385,1.0
1774899432.0431094,1.0
1774899432.0612984,1.0
1774899432.079346,1.0
1774899432.0974545,1.0
1774899432.115587,1.0
1774899432.1338322,1.0
1774899432.1519396,1.0
1774899432.1700468,1.0
1774899432.1888592,1.0
1774899432.2071416,1.0
1774899432.2253647,1.0
1774899432.2435467,1.0
1774899432.261712,1.0
1774899432.280513,1.0
1774899432.298643,1.0
1774899432.3167214,1.0
1774899432.3348982,1.0
1774899432.3532102,1.0
1774899432.3712718,1.0
1774899432.3894095,1.0
1774899432.4074826,1.0
1774899432.425638,1.0
1774899432.4437613,1.0
1774899432.4618468,1.0
1774899432.4800763,1.0
1774899432.4981382,1.0
1774899432.5163782,1.0
1774899432.5345004,1.0
1774899432.5526242,1.0
1774899432.5708852,1.0
1774899432.5889847,1.0
1774899432.607172,1.0
1774899432.6253283,1.0
1774899432.6434195,1.0
1774899432.661534,1.0
1774899432.679977,1.0
1774899432.698057,1.0
1774899432.7162125,1.0
1774899432.7342727,1.0
1774899432.7524238,1.0
1774899432.7705755,1.0
1774899432.7887151,1.0
1774899432.8068094,1.0
1774899432.8249667,1.0
1774899432.843224,1.0
1774899432.8614173,1.0
1774899432.8794694,1.0
1774899432.8977132,1.0
1774899432.915836,1.0
1774899432.9340012,1.0
1774899432.952075,1.0
1774899432.970206,1.0
1774899432.9883795,1.0
1774899433.006515,1.0
1774899433.0246017,1.0
1774899433.0427983,1.0
1774899433.0608683,1.0
1774899433.0791438,1.0
1774899433.0972393,1.0
1774899433.1153347,1.0
1774899433.1334615,1.0
1774899433.1515884,1.0
1774899433.169752,1.0
1774899433.189277,1.0
1774899433.207478,1.0
1774899433.2256403,1.0
1774899433.2437394,1.0
1774899433.2618852,1.0
1774899433.2807589,1.0
1774899433.2988713,1.0
1774899433.3168275,1.0
1774899433.334906,1.0
1774899433.3532531,1.0
1774899433.371287,1.0
1774899433.3893719,1.0
1774899433.407465,1.0
1774899433.4257348,1.0
1774899433.44385,1.0
1774899433.4620285,1.0
1774899433.4800797,1.0
1774899433.498169,1.0
1774899433.516354,1.0
1774899433.5344715,1.0
1774899433.5526743,1.0
1774899433.5708575,1.0
1774899433.5889394,1.0
1774899433.6070704,1.0
1774899433.6252193,1.0
1774899433.6433933,1.0
1774899433.6615648,1.0
1774899433.67957,1.0
1774899433.6976566,1.0
1774899433.7156355,1.0
1774899433.7336025,1.0
1774899433.7517576,1.0
1774899433.7700412,1.0
1774899433.7881334,1.0
1774899433.806216,1.0
1774899433.8243687,1.0
1774899433.8424692,1.0
1774899433.8604465,1.0
1774899433.8785224,1.0
1774899433.8965187,1.0
1774899433.9147115,1.0
1774899433.9328127,1.0
1774899433.950786,1.0
1774899433.9688997,1.0
1774899433.9868848,1.0
1774899434.004926,1.0
1774899434.0230508,1.0
1774899434.0410686,1.0
1774899434.0593328,1.0
1774899434.0773048,1.0
1774899434.0953324,1.0
1774899434.1134157,1.0
1774899434.1313963,1.0
1774899434.1494634,1.0
1774899434.1678307,1.0
1774899434.1866083,1.0
1774899434.2048864,1.0
1774899434.2233813,1.0
1774899434.2413735,1.0
1774899434.2596228,1.0
1774899434.2778878,1.0
1774899434.2961688,1.0
1774899434.3141437,1.0
1774899434.332727,1.0
1774899434.350919,1.0
1774899434.3694863,1.0
1774899434.387773,1.0
1774899434.4057975,1.0
1774899434.4237864,1.0
1774899434.4417758,1.0
1774899434.4597852,1.0
1774899434.477908,1.0
1774899434.495932,1.0
1774899434.5140312,1.0
1774899434.5320206,1.0
1774899434.5501215,1.0
1774899434.5680876,1.0
1774899434.586082,1.0
1774899434.6041763,1.0
1774899434.6221948,1.0
1774899434.6402187,1.0
1774899434.658302,1.0
1774899434.6762862,1.0
1774899434.6942763,1.0
1774899434.7123637,1.0
1774899434.7303832,1.0
1774899434.7483597,1.0
1774899434.7664297,1.0
1774899434.7844176,1.0
1774899434.8025775,1.0
1774899434.8206635,1.0
1774899434.8388512,1.0
1774899434.856822,1.0
1774899434.8749282,1.0
1774899434.8929121,1.0
1774899434.9109886,1.0
1774899434.929025,1.0
1774899434.9470017,1.0
1774899434.9650733,1.0
1774899434.9832613,1.0
1774899435.0012121,1.0
1774899435.0192037,1.0
1774899435.0374076,1.0
1774899435.0553927,1.0
1774899435.0734127,1.0
1774899435.0914376,1.0
1774899435.109612,1.0
1774899435.127689,1.0
1774899435.1456764,1.0
1774899435.163657,1.0
1774899435.1832285,1.0
1774899435.2011929,1.0
1774899435.219479,1.0
1774899435.2376986,1.0
1774899435.256172,1.0
1774899435.2741733,1.0
1774899435.2926319,1.0
1774899435.3106873,1.0
1774899435.328745,1.0
1774899435.3468482,1.0
1774899435.365275,1.0
1774899435.3833542,1.0
1774899435.4014215,1.0
1774899435.4199758,1.0
1774899435.4379437,1.0
1774899435.4559247,1.0
1774899435.474011,1.0
1774899435.4920783,1.0
1774899435.5100596,1.0
1774899435.5281272,1.0
1774899435.546221,1.0
1774899435.564334,1.0
1774899435.582325,1.0
1774899435.6003985,1.0
1774899435.6185563,1.0
1774899435.6366055,1.0
1774899435.6547594,1.0
1774899435.6727428,1.0
1774899435.6908407,1.0
1774899435.708896,1.0
1774899435.726886,1.0
1774899435.7450855,1.0
1774899435.7631252,1.0
1774899435.78117,1.0
1774899435.7993355,1.0
1774899435.8174098,1.0
1774899435.8355434,1.0
1774899435.8536248,1.0
1774899435.8717089,1.0
1774899435.889727,1.0
1774899435.9076989,1.0
1774899435.925824,1.0
1774899435.94401,1.0
1774899435.962007,1.0
1774899435.9800608,1.0
1774899435.9980383,1.0
1774899436.0160685,1.0
1774899436.0341456,1.0
1774899436.0521188,1.0
1774899436.070174,1.0
1774899436.0881498,1.0
1774899436.1062524,1.0
1774899436.1243432,1.0
1774899436.1424062,1.0
1774899436.1604686,1.0
1774899436.1798406,1.0
1774899436.1981263,1.0
1774899436.2164707,1.0
1774899436.2345595,1.0
1774899436.2526717,1.0
1774899436.270728,1.0
1774899436.2892482,1.0
1774899436.3073745,1.0
1774899436.3253798,1.0
1774899436.3433805,1.0
1774899436.3617833,1.0
1774899436.3800585,1.0
1774899436.3981376,1.0
1774899436.4161758,1.0
1774899436.434191,1.0
1774899436.452281,1.0
1774899436.4703064,1.0
1774899436.4882548,1.0
1774899436.5062737,1.0
1774899436.524362,1.0
1774899436.5422971,1.0
1774899436.5603385,1.0
1774899436.5786076,1.0
1774899436.5967877,1.0
1774899436.614919,1.0
1774899436.6329799,1.0
1774899436.6510072,1.0
1774899436.6689746,1.0
1774899436.6870704,1.0
1774899436.7050233,1.0
1774899436.7230246,1.0
1774899436.7411306,1.0
1774899436.7591574,1.0
1774899436.7771394,1.0
1774899436.7953382,1.0
1774899436.8133845,1.0
1774899436.8315895,1.0
1774899436.849618,1.0
1774899436.8678572,1.0
1774899436.8858852,1.0
1774899436.9039693,1.0
1774899436.9219632,1.0
1774899436.9399793,1.0
1774899436.957985,1.0
1774899436.9761558,1.0
1774899436.9942205,1.0
1774899437.0122178,1.0
1774899437.0303338,1.0
1774899437.0484495,1.0
1774899437.0664804,1.0
1774899437.0844288,1.0
1774899437.102429,1.0
1774899437.1205316,1.0
1774899437.1384964,1.0
1774899437.156582,1.0
1774899437.1746504,1.0
1774899437.1940079,1.0
1774899437.2121108,1.0
1774899437.2301335,1.0
1774899437.2483382,1.0
1774899437.2663047,1.0
1774899437.2847784,1.0
1774899437.3028193,1.0
1774899437.320845,1.0
1774899437.3388867,1.0
1774899437.357128,1.0
1774899437.3752873,1.0
1774899437.3932981,1.0
1774899437.4112995,1.0
1774899437.429487,1.0
1774899437.4474626,1.0
1774899437.4655178,1.0
1774899437.4835727,1.0
1774899437.501702,1.0
1774899437.519731,1.0
1774899437.537699,1.0
1774899437.5557237,1.0
1774899437.5738704,1.0
1774899437.5918682,1.0
1774899437.6100175,1.0
1774899437.6282167,1.0
1774899437.646315,1.0
1774899437.6643412,1.0
1774899437.682434,1.0
1774899437.7006102,1.0
1774899437.7186046,1.0
1774899437.7366254,1.0
1774899437.754706,1.0
1774899437.7727053,1.0
1774899437.7907937,1.0
1774899437.8087811,1.0
1774899437.8269484,1.0
1774899437.844891,1.0
1774899437.8629987,1.0
1774899437.8812501,1.0
1774899437.899318,1.0
1774899437.9172602,1.0
1774899437.9353414,1.0
1774899437.9533238,1.0
1774899437.9712985,1.0
1774899437.9893994,1.0
1774899438.007537,1.0
1774899438.0255861,1.0
1774899438.0435896,1.0
1774899438.0617373,1.0
1774899438.0798128,1.0
1774899438.0978854,1.0
1774899438.1160212,1.0
1774899438.1340106,1.0
1774899438.152042,1.0
1774899438.170177,1.0
1774899438.1895714,1.0
1774899438.2075837,1.0
1774899438.2257948,1.0
1774899438.2438161,1.0
1774899438.262091,1.0
1774899438.2805476,1.0
1774899438.2987058,1.0
1774899438.3166928,1.0
1774899438.3347225,1.0
1774899438.3527503,1.0
1774899438.37107,1.0
1774899438.38907,1.0
1774899438.4071395,1.0
1774899438.425426,1.0
1774899438.443552,1.0
1774899438.4616294,1.0
1774899438.4798098,1.0
1774899438.4978826,1.0
1774899438.5158896,1.0
1774899438.5339878,1.0
1774899438.551989,1.0
1774899438.5699909,1.0
1774899438.5881069,1.0
1774899438.606393,1.0
1774899438.6245177,1.0
1774899438.6425335,1.0
1774899438.6605735,1.0
1774899438.6788018,1.0
1774899438.6968517,1.0
1774899438.7148283,1.0
1774899438.732884,1.0
1774899438.7509925,1.0
1774899438.7690318,1.0
1774899438.787051,1.0
1774899438.8051522,1.0
1774899438.8231947,1.0
1774899438.8412993,1.0
1774899438.8593333,1.0
1774899438.8773944,1.0
1774899438.8954759,1.0
1774899438.9135892,1.0
1774899438.9316077,1.0
1774899438.9495893,1.0
1774899438.9676197,1.0
1774899438.9857976,1.0
1774899439.0038369,1.0
1774899439.0219383,1.0
1774899439.0399399,1.0
1774899439.058,1.0
1774899439.0759943,1.0
1774899439.0939827,1.0
1774899439.1120694,1.0
1774899439.1301522,1.0
1774899439.148134,1.0
1774899439.166455,1.0
1774899439.1860332,1.0
1774899439.2040832,1.0
1774899439.2225263,1.0
1774899439.2406576,1.0
1774899439.2587938,1.0
1774899439.2768323,1.0
1774899439.295267,1.0
1774899439.3133311,1.0
1774899439.331344,1.0
1774899439.349466,1.0
1774899439.368201,1.0
1774899439.3862548,1.0
1774899439.4043512,1.0
1774899439.422434,1.0
1774899439.4405189,1.0
1774899439.458607,1.0
1774899439.4766047,1.0
1774899439.4946182,1.0
1774899439.512724,1.0
1774899439.5307243,1.0
1774899439.54874,1.0
1774899439.5668192,1.0
1774899439.5849414,1.0
1774899439.602951,1.0
1774899439.6210308,1.0
1774899439.6390479,1.0
1774899439.6570704,1.0
1774899439.6750567,1.0
1774899439.693064,1.0
1774899439.7111614,1.0
1774899439.7291865,1.0
1774899439.747165,1.0
1774899439.7652278,1.0
1774899439.7832155,1.0
1774899439.8012002,1.0
1774899439.8192813,1.0
1774899439.8373868,1.0
1774899439.8553903,1.0
1774899439.873435,1.0
1774899439.8915844,1.0
1774899439.9095998,1.0
1774899439.9276729,1.0
1774899439.945669,1.0
1774899439.9637663,1.0
1774899439.981716,1.0
1774899439.9997494,1.0
1774899440.0178835,1.0
1774899440.0359328,1.0
1774899440.0539489,1.0
1774899440.0720093,1.0
1774899440.089958,1.0
1774899440.1080298,1.0
1774899440.1260397,1.0
1774899440.1440918,1.0
1774899440.1621773,1.0
1774899440.180885,1.0
1774899440.1993248,1.0
1774899440.2175663,1.0
1774899440.235509,1.0
1774899440.2535865,1.0
1774899440.271582,1.0
1774899440.2898946,1.0
1774899440.3079119,1.0
1774899440.3259625,1.0
1774899440.3439965,1.0
1774899440.3622782,1.0
1774899440.380272,1.0
1774899440.3983319,1.0
1774899440.4163916,1.0
1774899440.4344008,1.0
1774899440.452384,1.0
1774899440.4708917,1.0
1774899440.4891026,1.0
1774899440.5071545,1.0
1774899440.5251844,1.0
1774899440.543173,1.0
1774899440.5611775,1.0
1774899440.579166,1.0
1774899440.5972931,1.0
1774899440.6153886,1.0
1774899440.6333616,1.0
1774899440.651451,1.0
1774899440.6695485,1.0
1774899440.68752,1.0
1774899440.705511,1.0
1774899440.7235055,1.0
1774899440.741541,1.0
1774899440.759568,1.0
1774899440.7776654,1.0
1774899440.7957268,1.0
1774899440.813711,1.0
1774899440.831837,1.0
1774899440.8498576,1.0
1774899440.8679457,1.0
1774899440.885958,1.0
1774899440.903981,1.0
1774899440.921978,1.0
1774899440.9400105,1.0
1774899440.9580948,1.0
1774899440.9762976,1.0
1774899440.994269,1.0
1774899441.0122933,1.0
1774899441.0302527,1.0
1774899441.0482736,1.0
1774899441.066342,1.0
1774899441.0843387,1.0
1774899441.1023095,1.0
1774899441.1204045,1.0
1774899441.1384788,1.0
1774899441.1564484,1.0
1774899441.1744533,1.0
1774899441.19377,1.0
1774899441.2119591,1.0
1774899441.2299623,1.0
1774899441.248018,1.0
1774899441.2661102,1.0
1774899441.2843297,1.0
1774899441.3024218,1.0
1774899441.3204966,1.0
1774899441.3384984,1.0
1774899441.3565116,1.0
1774899441.3747444,1.0
1774899441.3927183,1.0
1774899441.4108243,1.0
1774899441.4289281,1.0
1774899441.4470189,1.0
1774899441.4650354,1.0
1774899441.483025,1.0
1774899441.5011315,1.0
1774899441.5191321,1.0
1774899441.5371156,1.0
1774899441.5552962,1.0
1774899441.5734131,1.0
1774899441.5914972,1.0
1774899441.6095908,1.0
1774899441.6277275,1.0
1774899441.6458035,1.0
1774899441.663892,1.0
1774899441.6819634,1.0
1774899441.700203,1.0
1774899441.7182221,1.0
1774899441.7363033,1.0
1774899441.754327,1.0
1774899441.7723997,1.0
1774899441.7905076,1.0
1774899441.8086889,1.0
1774899441.8269217,1.0
1774899441.84512,1.0
1774899441.8631916,1.0
1774899441.881275,1.0
1774899441.8994641,1.0
1774899441.9175463,1.0
1774899441.9356253,1.0
1774899441.9536583,1.0
1774899441.971796,1.0
1774899441.9900725,1.0
1774899442.008369,1.0
1774899442.0265703,1.0
1774899442.0446494,1.0
1774899442.0627508,1.0
1774899442.0808089,1.0
1774899442.0991032,1.0
1774899442.1172035,1.0
1774899442.1353092,1.0
1774899442.1533868,1.0
1774899442.1714551,1.0
1774899442.190877,1.0
1774899442.2092578,1.0
1774899442.2275813,1.0
1774899442.2458813,1.0
1774899442.2641373,1.0
1774899442.282656,1.0
1774899442.3007238,1.0
1774899442.3187215,1.0
1774899442.336834,1.0
1774899442.3549173,1.0
1774899442.3731184,1.0
1774899442.3912082,1.0
1774899442.40916,1.0
1774899442.427228,1.0
1774899442.445271,1.0
1774899442.4632087,1.0
1774899442.481194,1.0
1774899442.499235,1.0
1774899442.5175438,1.0
1774899442.5355117,1.0
1774899442.5535665,1.0
1774899442.5715454,1.0
1774899442.589593,1.0
1774899442.6076639,1.0
1774899442.625614,1.0
1774899442.643607,1.0
1774899442.6616538,1.0
1774899442.6797073,1.0
1774899442.6976967,1.0
1774899442.7158163,1.0
1774899442.7337377,1.0
1774899442.7516923,1.0
1774899442.7696688,1.0
1774899442.7877011,1.0
1774899442.8057835,1.0
1774899442.8238502,1.0
1774899442.8418617,1.0
1774899442.8598738,1.0
1774899442.8780625,1.0
1774899442.8961215,1.0
1774899442.9142046,1.0
1774899442.9323044,1.0
1774899442.9502285,1.0
1774899442.9682877,1.0
1774899442.9862163,1.0
1774899443.0041747,1.0
1774899443.022343,1.0
1774899443.0403562,1.0
1774899443.0583084,1.0
1774899443.0763626,1.0
1774899443.094386,1.0
1774899443.11245,1.0
1774899443.1305566,1.0
1774899443.1486244,1.0
1774899443.166883,1.0
1774899443.186109,1.0
1774899443.204351,1.0
1774899443.222648,1.0
1774899443.240664,1.0
1774899443.2587287,1.0
1774899443.276777,1.0
1774899443.2951167,1.0
1774899443.3130941,1.0
1774899443.3310623,1.0
1774899443.3491366,1.0
1774899443.3675032,1.0
1774899443.3854563,1.0
1774899443.403442,1.0
1774899443.4214265,1.0
1774899443.4397652,1.0
1774899443.4579167,1.0
1774899443.485609,1.0
1774899443.5048048,1.0
1774899443.5230114,1.0
1774899443.5410953,1.0
1774899443.5592403,1.0
1774899443.577365,1.0
1774899443.595434,1.0
1774899443.6136162,1.0
1774899443.6318045,1.0
1774899443.6499083,1.0
1774899443.668061,1.0
1774899443.6862907,1.0
1774899443.7044477,1.0
1774899443.7225633,1.0
1774899443.7494283,1.0
1774899443.7677817,1.0
1774899443.7859817,1.0
1774899443.8041463,1.0
1774899443.8223333,1.0
1774899443.8408759,1.0
1774899443.8591356,1.0
1774899443.8774278,1.0
1774899443.8956254,1.0
1774899443.9137824,1.0
1774899443.9320033,1.0
1774899443.950126,1.0
1774899443.96831,1.0
1774899443.986509,1.0
1774899444.0046418,1.0
1774899444.0228493,1.0
1774899444.0409825,1.0
1774899444.059179,1.0
1774899444.077329,1.0
1774899444.0955653,1.0
1774899444.1137311,1.0
1774899444.1318896,1.0
1774899444.1502373,1.0
1774899444.1687016,1.0
1774899444.1882098,1.0
1774899444.2066064,1.0
1774899444.2252712,1.0
1774899444.2434785,1.0
1774899444.261899,1.0
1774899444.280198,1.0
1774899444.2987561,1.0
1774899444.3169138,1.0
1774899444.3350735,1.0
1774899444.3531823,1.0
1774899444.3717165,1.0
1774899444.3898685,1.0
1774899444.4080408,1.0
1774899444.4262202,1.0
1774899444.4444094,1.0
1774899444.4626951,1.0
1774899444.4808443,1.0
1774899444.4990325,1.0
1774899444.517153,1.0
1774899444.5353324,1.0
1774899444.5537078,1.0
1774899444.572113,1.0
1774899444.590251,1.0
1774899444.6084561,1.0
1774899444.626817,1.0
1774899444.6449463,1.0
1774899444.6631262,1.0
1774899444.681272,1.0
1774899444.6996279,1.0
1774899444.7177508,1.0
1774899444.7359114,1.0
1774899444.7540076,1.0
1774899444.7721238,1.0
1774899444.790349,1.0
1774899444.8084524,1.0
1774899444.826586,1.0
1774899444.8448346,1.0
1774899444.8629606,1.0
1774899444.88103,1.0
1774899444.8991792,1.0
1774899444.9173777,1.0
1774899444.935666,1.0
1774899444.9537957,1.0
1774899444.9719079,1.0
1774899444.9900663,1.0
1774899445.008147,1.0
1774899445.0263367,1.0
1774899445.0445235,1.0
1774899445.063057,1.0
1774899445.081182,1.0
1774899445.099336,1.0
1774899445.1175022,1.0
1774899445.135698,1.0
1774899445.154082,1.0
1774899445.1722527,1.0
1774899445.1922793,1.0
1774899445.2106907,1.0
1774899445.2287195,1.0
1774899445.2474828,1.0
1774899445.2654707,1.0
1774899445.284133,1.0
1774899445.3023317,1.0
1774899445.3204226,1.0
1774899445.3385851,1.0
1774899445.3566768,1.0
1774899445.375038,1.0
1774899445.3931713,1.0
1774899445.4112704,1.0
1774899445.429401,1.0
1774899445.4477518,1.0
1774899445.465858,1.0
1774899445.4841352,1.0
1774899445.5022943,1.0
1774899445.520537,1.0
1774899445.538603,1.0
1774899445.556884,1.0
1774899445.5750296,1.0
1774899445.5932224,1.0
1774899445.6113234,1.0
1774899445.6294756,1.0
1774899445.6475563,1.0
1774899445.6658232,1.0
1774899445.683896,1.0
1774899445.7020009,1.0
1774899445.7201772,1.0
1774899445.7384179,1.0
1774899445.7565165,1.0
1774899445.7746582,1.0
1774899445.7928042,1.0
1774899445.8109632,1.0
1774899445.8292,1.0
1774899445.847257,1.0
1774899445.8653996,1.0
1774899445.8837113,1.0
1774899445.901785,1.0
1774899445.9200437,1.0
1774899445.9381335,1.0
1774899445.9562728,1.0
1774899445.9743366,1.0
1774899445.9924846,1.0
1774899446.0106223,1.0
1774899446.0287898,1.0
1774899446.0468721,1.0
1774899446.0650191,1.0
1774899446.0831652,1.0
1774899446.1012805,1.0
1774899446.1193595,1.0
1774899446.137634,1.0
1774899446.1558006,1.0
1774899446.1739843,1.0
1774899446.1935024,1.0
1774899446.211644,1.0
1774899446.2297995,1.0
1774899446.2481234,1.0
1774899446.266346,1.0
1774899446.285191,1.0
1774899446.303218,1.0
1774899446.3213575,1.0
1774899446.3396292,1.0
1774899446.3577974,1.0
1774899446.376207,1.0
1774899446.3943465,1.0
1774899446.4125826,1.0
1774899446.430714,1.0
1774899446.4488413,1.0
1774899446.4671252,1.0
1774899446.4852002,1.0
1774899446.5034106,1.0
1774899446.5215015,1.0
1774899446.5396583,1.0
1774899446.5577846,1.0
1774899446.575933,1.0
1774899446.5940135,1.0
1774899446.612364,1.0
1774899446.630534,1.0
1774899446.6487057,1.0
1774899446.6668994,1.0
1774899446.68498,1.0
1774899446.703079,1.0
1774899446.7212539,1.0
1774899446.739338,1.0
1774899446.7574942,1.0
1774899446.7757127,1.0
1774899446.7939448,1.0
1774899446.8120966,1.0
1774899446.8303862,1.0
1774899446.8486612,1.0
1774899446.866817,1.0
1774899446.8849125,1.0
1774899446.9031508,1.0
1774899446.9212253,1.0
1774899446.9394338,1.0
1774899446.9575038,1.0
1774899446.9756253,1.0
1774899446.9939032,1.0
1774899447.0119905,1.0
1774899447.0301373,1.0
1774899447.0482101,1.0
1774899447.0663314,1.0
1774899447.0845163,1.0
1774899447.1026578,1.0
1774899447.120752,1.0
1774899447.139027,1.0
1774899447.1571004,1.0
1774899447.1751802,1.0
1774899447.1948245,1.0
1774899447.2135334,1.0
1774899447.2316158,1.0
1774899447.2500587,1.0
1774899447.2683282,1.0
1774899447.2870045,1.0
1774899447.3050463,1.0
1774899447.3231614,1.0
1774899447.3413494,1.0
1774899447.3596146,1.0
1774899447.3779392,1.0
1774899447.3960822,1.0
1774899447.4142528,1.0
1774899447.4323704,1.0
1774899447.450485,1.0
1774899447.4686284,1.0
1774899447.486774,1.0
1774899447.5049744,1.0
1774899447.523138,1.0
1774899447.5413284,1.0
1774899447.5594597,1.0
1774899447.5775654,1.0
1774899447.5956864,1.0
1774899447.6138546,1.0
1774899447.632073,1.0
1774899447.6502008,1.0
1774899447.668402,1.0
1774899447.6865313,1.0
1774899447.7046316,1.0
1774899447.722786,1.0
1774899447.7409163,1.0
1774899447.7590377,1.0
1774899447.7771447,1.0
1774899447.7952528,1.0
1774899447.8133452,1.0
1774899447.8315659,1.0
1774899447.8497014,1.0
1774899447.8678856,1.0
1774899447.8860378,1.0
1774899447.904229,1.0
1774899447.9223795,1.0
1774899447.9405222,1.0
1774899447.9586883,1.0
1774899447.9768755,1.0
1774899447.994986,1.0
1774899448.0132225,1.0
1774899448.0314043,1.0
1774899448.0495188,1.0
1774899448.0677774,1.0
1774899448.085902,1.0
1774899448.1041048,1.0
1774899448.1222398,1.0
1774899448.1404386,1.0
1774899448.1585152,1.0
1774899448.176621,1.0
1774899448.1960423,1.0
1774899448.2144306,1.0
1774899448.2325122,1.0
1774899448.2508466,1.0
1774899448.2688544,1.0
1774899448.287632,1.0
1774899448.305701,1.0
1774899448.3238528,1.0
1774899448.3419476,1.0
1774899448.360167,1.0
1774899448.37852,1.0
1774899448.3966215,1.0
1774899448.4148986,1.0
1774899448.4330137,1.0
1774899448.4511437,1.0
1774899448.4692924,1.0
1774899448.4873936,1.0
1774899448.5055115,1.0
1774899448.5239549,1.0
1774899448.5421016,1.0
1774899448.5601783,1.0
1774899448.5782988,1.0
1774899448.5964885,1.0
1774899448.6145432,1.0
1774899448.6327105,1.0
1774899448.6514053,1.0
1774899448.6694674,1.0
1774899448.687603,1.0
1774899448.7057667,1.0
1774899448.723885,1.0
1774899448.7419968,1.0
1774899448.7601564,1.0
1774899448.7782252,1.0
1774899448.7963622,1.0
1774899448.8145235,1.0
1774899448.8327234,1.0
1774899448.850962,1.0
1774899448.869075,1.0
1774899448.8872159,1.0
1774899448.9053814,1.0
1774899448.9234693,1.0
1774899448.9416301,1.0
1774899448.9597077,1.0
1774899448.977791,1.0
1774899448.9959588,1.0
1774899449.0140672,1.0
1774899449.0323217,1.0
1774899449.0504615,1.0
1774899449.0685713,1.0
1774899449.0866854,1.0
1774899449.1048949,1.0
1774899449.1230283,1.0
1774899449.1411805,1.0
1774899449.159265,1.0
1774899449.1774793,1.0
1774899449.1970267,1.0
1774899449.2153249,1.0
1774899449.233466,1.0
1774899449.2517376,1.0
1774899449.2698293,1.0
1774899449.2885323,1.0
1774899449.3066707,1.0
1774899449.3248096,1.0
1774899449.342878,1.0
1774899449.3610168,1.0
1774899449.379369,1.0
1774899449.3975375,1.0
1774899449.4156964,1.0
1774899449.433866,1.0
1774899449.4522164,1.0
1774899449.4702713,1.0
1774899449.4884126,1.0
1774899449.5064788,1.0
1774899449.5245275,1.0
1774899449.5426774,1.0
1774899449.5607042,1.0
1774899449.578748,1.0
1774899449.596878,1.0
1774899449.6149914,1.0
1774899449.633128,1.0
1774899449.6513915,1.0
1774899449.6694753,1.0
1774899449.6876068,1.0
1774899449.7057123,1.0
1774899449.7239513,1.0
1774899449.7420406,1.0
1774899449.7601595,1.0
1774899449.77823,1.0
1774899449.7963717,1.0
1774899449.8148103,1.0
1774899449.833064,1.0
1774899449.851128,1.0
1774899449.8693223,1.0
1774899449.887473,1.0
1774899449.9055405,1.0
1774899449.923625,1.0
1774899449.9417646,1.0
1774899449.9598203,1.0
1774899449.9778926,1.0
1774899449.9960058,1.0
1774899450.0140762,1.0
1774899450.0321767,1.0
1774899450.050418,1.0
1774899450.0687118,1.0
1774899450.086819,1.0
1774899450.1048636,1.0
1774899450.122938,1.0
1774899450.1411626,1.0
1774899450.1592133,1.0
1774899450.1785939,1.0
1774899450.1966915,1.0
1774899450.2150688,1.0
1774899450.233161,1.0
1774899450.2515228,1.0
1774899450.2695632,1.0
1774899450.288011,1.0
1774899450.3061876,1.0
1774899450.3243108,1.0
1774899450.3423738,1.0
1774899450.3604672,1.0
1774899450.3788817,1.0
1774899450.3969562,1.0
1774899450.41517,1.0
1774899450.4334319,1.0
1774899450.4515464,1.0
1774899450.4696443,1.0
1774899450.4878216,1.0
1774899450.5060709,1.0
1774899450.52418,1.0
1774899450.5422966,1.0
1774899450.5604725,1.0
1774899450.5785706,1.0
1774899450.596658,1.0
1774899450.614734,1.0
1774899450.6331947,1.0
1774899450.6512518,1.0
1774899450.669349,1.0
1774899450.6874895,1.0
1774899450.706063,1.0
1774899450.7242243,1.0
1774899450.7423205,1.0
1774899450.7604263,1.0
1774899450.7784586,1.0
1774899450.7965753,1.0
1774899450.8146873,1.0
1774899450.8328898,1.0
1774899450.8510127,1.0
1774899450.8690526,1.0
1774899450.8871222,1.0
1774899450.9052627,1.0
1774899450.92347,1.0
1774899450.9415684,1.0
1774899450.9597511,1.0
1774899450.977856,1.0
1774899450.995942,1.0
1774899451.0140705,1.0
1774899451.032215,1.0
1774899451.0503507,1.0
1774899451.0685322,1.0
1774899451.0865743,1.0
1774899451.1046803,1.0
1774899451.1227727,1.0
1774899451.1408396,1.0
1774899451.1589363,1.0
1774899451.1771822,1.0
1774899451.1967762,1.0
1774899451.2151115,1.0
1774899451.2330885,1.0
1774899451.2513442,1.0
1774899451.269438,1.0
1774899451.2877753,1.0
1774899451.30605,1.0
1774899451.3241618,1.0
1774899451.3423398,1.0
1774899451.3605096,1.0
1774899451.3789396,1.0
1774899451.3971343,1.0
1774899451.41528,1.0
1774899451.4334817,1.0
1774899451.4517596,1.0
1774899451.4699056,1.0
1774899451.4880776,1.0
1774899451.5062337,1.0
1774899451.524426,1.0
1774899451.5425634,1.0
1774899451.5607412,1.0
1774899451.5789077,1.0
1774899451.5971053,1.0
1774899451.615228,1.0
1774899451.6334867,1.0
1774899451.6516266,1.0
1774899451.6698098,1.0
1774899451.6879425,1.0
1774899451.706124,1.0
1774899451.7242668,1.0
1774899451.7424345,1.0
1774899451.7606058,1.0
1774899451.7787986,1.0
1774899451.7969446,1.0
1774899451.815081,1.0
1774899451.8333895,1.0
1774899451.851506,1.0
1774899451.8697052,1.0
1774899451.8879354,1.0
1774899451.9060884,1.0
1774899451.9241986,1.0
1774899451.9423842,1.0
1774899451.9605591,1.0
1774899451.978713,1.0
1774899451.99687,1.0
1774899452.0150373,1.0
1774899452.0332713,1.0
1774899452.0514202,1.0
1774899452.069543,1.0
1774899452.0876596,1.0
1774899452.1058538,1.0
1774899452.1240335,1.0
1774899452.1421523,1.0
1774899452.160291,1.0
1774899452.1784844,1.0
1774899452.197776,1.0
1774899452.2161915,1.0
1774899452.2342682,1.0
1774899452.252537,1.0
1774899452.2705975,1.0
1774899452.28916,1.0
1774899452.3075192,1.0
1774899452.3256624,1.0
1774899452.3437555,1.0
1774899452.3619058,1.0
1774899452.3803413,1.0
1774899452.3984454,1.0
1774899452.4167824,1.0
1774899452.43502,1.0
1774899452.45325,1.0
1774899452.4714077,1.0
1774899452.4895082,1.0
1774899452.5076547,1.0
1774899452.5258203,1.0
1774899452.544054,1.0
1774899452.5623784,1.0
1774899452.5805273,1.0
1774899452.5987244,1.0
1774899452.616865,1.0
1774899452.6350799,1.0
1774899452.6531796,1.0
1774899452.6713314,1.0
1774899452.6894357,1.0
1774899452.707752,1.0
1774899452.7258828,1.0
1774899452.744024,1.0
1774899452.7624588,1.0
1774899452.7805474,1.0
1774899452.7986746,1.0
1774899452.8167808,1.0
1774899452.835136,1.0
1774899452.8532634,1.0
1774899452.871404,1.0
1774899452.889524,1.0
1774899452.9075825,1.0
1774899452.9257252,1.0
1774899452.943802,1.0
1774899452.9620197,1.0
1774899452.9801319,1.0
1774899452.9982724,1.0
1774899453.016426,1.0
1774899453.0345633,1.0
1774899453.052708,1.0
1774899453.0707788,1.0
1774899453.0888617,1.0
1774899453.1070397,1.0
1774899453.125208,1.0
1774899453.1433978,1.0
1774899453.161885,1.0
1774899453.1800232,1.0
1774899453.1994927,1.0
1774899453.2181668,1.0
1774899453.236286,1.0
1774899453.2546365,1.0
1774899453.2727847,1.0
1774899453.2910142,1.0
1774899453.3092105,1.0
1774899453.3273516,1.0
1774899453.345412,1.0
1774899453.3636248,1.0
1774899453.3820977,1.0
1774899453.4002652,1.0
1774899453.418393,1.0
1774899453.4366705,1.0
1774899453.4550884,1.0
1774899453.4731584,1.0
1774899453.4913073,1.0
1774899453.5094087,1.0
1774899453.527676,1.0
1774899453.5458205,1.0
1774899453.5639744,1.0
1774899453.5820475,1.0
1774899453.6001682,1.0
1774899453.6183867,1.0
1774899453.6366682,1.0
1774899453.6547515,1.0
1774899453.6729078,1.0
1774899453.6910124,1.0
1774899453.709135,1.0
1774899453.7272286,1.0
1774899453.7453651,1.0
1774899453.7635083,1.0
1774899453.7817192,1.0
1774899453.7998343,1.0
1774899453.8179605,1.0
1774899453.8361611,1.0
1774899453.8542838,1.0
1774899453.8723915,1.0
1774899453.8904994,1.0
1774899453.9086888,1.0
1774899453.9268546,1.0
1774899453.9449291,1.0
1774899453.9630198,1.0
1774899453.9812188,1.0
1774899453.9993973,1.0
1774899454.0174756,1.0
1774899454.0355628,1.0
1774899454.0538356,1.0
1774899454.0719044,1.0
1774899454.089927,1.0
1774899454.1080503,1.0
1774899454.1260896,1.0
1774899454.1441777,1.0
1774899454.1623094,1.0
1774899454.1810563,1.0
1774899454.1997263,1.0
1774899454.2180433,1.0
1774899454.2361748,1.0
1774899454.254478,1.0
1774899454.2725592,1.0
1774899454.2909207,1.0
1774899454.3092287,1.0
1774899454.3274193,1.0
1774899454.3454478,1.0
1774899454.36365,1.0
1774899454.3820615,1.0
1774899454.4001968,1.0
1774899454.418251,1.0
1774899454.4363267,1.0
1774899454.4544878,1.0
1774899454.472801,1.0
1774899454.490911,1.0
1774899454.5090172,1.0
1774899454.5270941,1.0
1774899454.5451648,1.0
1774899454.56336,1.0
1774899454.5814114,1.0
1774899454.5994973,1.0
1774899454.6175933,1.0
1774899454.6356988,1.0
1774899454.6538088,1.0
1774899454.6718438,1.0
1774899454.6899755,1.0
1774899454.708082,1.0
1774899454.726158,1.0
1774899454.7443664,1.0
1774899454.7624896,1.0
1774899454.7805645,1.0
1774899454.798955,1.0
1774899454.8170872,1.0
1774899454.8354323,1.0
1774899454.8535283,1.0
1774899454.8715975,1.0
1774899454.889681,1.0
1774899454.907929,1.0
1774899454.9259858,1.0
1774899454.9440467,1.0
1774899454.962232,1.0
1774899454.980277,1.0
1774899454.9984288,1.0
1774899455.0165775,1.0
1774899455.0347598,1.0
1774899455.052984,1.0
1774899455.0710924,1.0
1774899455.0892773,1.0
1774899455.1072993,1.0
1774899455.1253698,1.0
1774899455.1435177,1.0
1774899455.1616018,1.0
1774899455.1807575,1.0
1774899455.1991036,1.0
1774899455.2173007,1.0
1774899455.235455,1.0
1774899455.2538283,1.0
1774899455.2720385,1.0
1774899455.290351,1.0
1774899455.308877,1.0
1774899455.3269525,1.0
1774899455.345056,1.0
1774899455.3631988,1.0
1774899455.38168,1.0
1774899455.3998072,1.0
1774899455.4178581,1.0
1774899455.4359891,1.0
1774899455.4542232,1.0
1774899455.4723902,1.0
1774899455.4906478,1.0
1774899455.5087926,1.0
1774899455.5269,1.0
1774899455.5449648,1.0
1774899455.5631015,1.0
1774899455.581234,1.0
1774899455.599266,1.0
1774899455.6174088,1.0
1774899455.635482,1.0
1774899455.6537004,1.0
1774899455.6718285,1.0
1774899455.6899688,1.0
1774899455.7081163,1.0
1774899455.7261264,1.0
1774899455.7442107,1.0
1774899455.7623534,1.0
1774899455.7804813,1.0
1774899455.798596,1.0
1774899455.8167365,1.0
1774899455.835055,1.0
1774899455.8530862,1.0
1774899455.87115,1.0
1774899455.8893297,1.0
1774899455.907455,1.0
1774899455.9254942,1.0
1774899455.9436023,1.0
1774899455.9619725,1.0
1774899455.9800339,1.0
1774899455.9981003,1.0
1774899456.0162067,1.0
1774899456.0343952,1.0
1774899456.0525796,1.0
1774899456.0708807,1.0
1774899456.088972,1.0
1774899456.1070967,1.0
1774899456.125285,1.0
1774899456.1434593,1.0
1774899456.1615307,1.0
1774899456.1796582,1.0
1774899456.1988227,1.0
1774899456.216988,1.0
1774899456.235051,1.0
1774899456.2531068,1.0
1774899456.2711701,1.0
1774899456.2893145,1.0
1774899456.3076444,1.0
1774899456.3257291,1.0
1774899456.3439999,1.0
1774899456.3621922,1.0
1774899456.380616,1.0
1774899456.3987346,1.0
1774899456.4169831,1.0
1774899456.4350715,1.0
1774899456.4532647,1.0
1774899456.471302,1.0
1774899456.4894419,1.0
1774899456.507557,1.0
1774899456.5256314,1.0
1774899456.5438385,1.0
1774899456.562029,1.0
1774899456.5801237,1.0
1774899456.5983045,1.0
1774899456.6163628,1.0
1774899456.6344838,1.0
1774899456.6527865,1.0
1774899456.6708636,1.0
1774899456.6889398,1.0
1774899456.707026,1.0
1774899456.7251012,1.0
1774899456.743143,1.0
1774899456.7612731,1.0
1774899456.7794647,1.0
1774899456.7978265,1.0
1774899456.8158724,1.0
1774899456.8339806,1.0
1774899456.8521905,1.0
1774899456.870277,1.0
1774899456.8883965,1.0
1774899456.906546,1.0
1774899456.9246116,1.0
1774899456.9427266,1.0
1774899456.9607933,1.0
1774899456.9788811,1.0
1774899456.9969428,1.0
1774899457.015021,1.0
1774899457.0331564,1.0
1774899457.0512323,1.0
1774899457.0693624,1.0
1774899457.087538,1.0
1774899457.1056116,1.0
1774899457.1236413,1.0
1774899457.1420074,1.0
1774899457.160068,1.0
1774899457.17815,1.0
1774899457.1974049,1.0
1774899457.215561,1.0
1774899457.2336738,1.0
1774899457.2519412,1.0
1774899457.2701833,1.0
1774899457.2888458,1.0
1774899457.3075476,1.0
1774899457.3256438,1.0
1774899457.3437133,1.0
1774899457.3618178,1.0
1774899457.38018,1.0
1774899457.3982754,1.0
1774899457.4164145,1.0
1774899457.4344542,1.0
1774899457.452737,1.0
1774899457.4708772,1.0
1774899457.4889755,1.0
1774899457.5070572,1.0
1774899457.5252898,1.0
1774899457.5435116,1.0
1774899457.561823,1.0
1774899457.5799217,1.0
1774899457.5981588,1.0
1774899457.6162503,1.0
1774899457.634359,1.0
1774899457.652599,1.0
1774899457.6707282,1.0
1774899457.6888094,1.0
1774899457.706886,1.0
1774899457.7250338,1.0
1774899457.7431056,1.0
1774899457.7611406,1.0
1774899457.779288,1.0
1774899457.797393,1.0
1774899457.8154361,1.0
1774899457.8335848,1.0
1774899457.8516803,1.0
1774899457.8697503,1.0
1774899457.8878531,1.0
1774899457.9059873,1.0
1774899457.9240851,1.0
1774899457.942136,1.0
1774899457.9602647,1.0
1774899457.9782994,1.0
1774899457.9963377,1.0
1774899458.0145626,1.0
1774899458.0326505,1.0
1774899458.0509443,1.0
1774899458.0690084,1.0
1774899458.087088,1.0
1774899458.1051955,1.0
1774899458.1232166,1.0
1774899458.1411922,1.0
1774899458.1592493,1.0
1774899458.1773603,1.0
1774899458.1966088,1.0
1774899458.2151792,1.0
1774899458.233185,1.0
1774899458.2514539,1.0
1774899458.2694702,1.0
1774899458.2876897,1.0
1774899458.3059163,1.0
1774899458.3241153,1.0
1774899458.3422565,1.0
1774899458.360422,1.0
1774899458.3787556,1.0
1774899458.3968213,1.0
1774899458.414905,1.0
1774899458.4331274,1.0
1774899458.4512222,1.0
1774899458.4693959,1.0
1774899458.487517,1.0
1774899458.5056052,1.0
1774899458.523771,1.0
1774899458.5419085,1.0
1774899458.5600493,1.0
1774899458.578143,1.0
1774899458.5963583,1.0
1774899458.6145134,1.0
1774899458.6327317,1.0
1774899458.6508436,1.0
1774899458.668926,1.0
1774899458.6870732,1.0
1774899458.705211,1.0
1774899458.7232976,1.0
1774899458.7413518,1.0
1774899458.7594547,1.0
1774899458.7777433,1.0
1774899458.795902,1.0
1774899458.8140392,1.0
1774899458.832199,1.0
1774899458.8503988,1.0
1774899458.8684494,1.0
1774899458.8865097,1.0
1774899458.9048944,1.0
1774899458.9230304,1.0
1774899458.9411628,1.0
1774899458.9592946,1.0
1774899458.9773996,1.0
1774899458.9955578,1.0
1774899459.0138552,1.0
1774899459.0319412,1.0
1774899459.0500436,1.0
1774899459.068137,1.0
1774899459.0862367,1.0
1774899459.1043727,1.0
1774899459.1224985,1.0
1774899459.1405947,1.0
1774899459.1588645,1.0
1774899459.1770148,1.0
1774899459.1964755,1.0
1774899459.2150104,1.0
1774899459.233063,1.0
1774899459.2512236,1.0
1774899459.269386,1.0
1774899459.2876973,1.0
1774899459.3059332,1.0
1774899459.324042,1.0
1774899459.3421838,1.0
1774899459.3602784,1.0
1774899459.3785927,1.0
1774899459.3968618,1.0
1774899459.4149084,1.0
1774899459.4330285,1.0
1774899459.4512386,1.0
1774899459.4692907,1.0
1774899459.487373,1.0
1774899459.5054638,1.0
1774899459.5235252,1.0
1774899459.5416064,1.0
1774899459.5597553,1.0
1774899459.57784,1.0
1774899459.59594,1.0
1774899459.6141138,1.0
1774899459.6322129,1.0
1774899459.6503968,1.0
1774899459.6685157,1.0
1774899459.6867714,1.0
1774899459.704904,1.0
1774899459.7229512,1.0
1774899459.7410707,1.0
1774899459.7591796,1.0
1774899459.777234,1.0
1774899459.7953541,1.0
1774899459.813423,1.0
1774899459.8315585,1.0
1774899459.849681,1.0
1774899459.8679109,1.0
1774899459.8859487,1.0
1774899459.9040878,1.0
1774899459.9221737,1.0
1774899459.9402306,1.0
1774899459.9583302,1.0
1774899459.9764109,1.0
1774899459.994666,1.0
1774899460.0127327,1.0
1774899460.030874,1.0
1774899460.0490253,1.0
1774899460.067137,1.0
1774899460.08517,1.0
1774899460.1032264,1.0
1774899460.1213286,1.0
1774899460.1393907,1.0
1774899460.1574364,1.0
1774899460.1757648,1.0
1774899460.195334,1.0
1774899460.2137601,1.0
1774899460.2318268,1.0
1774899460.2502022,1.0
1774899460.268252,1.0
1774899460.286596,1.0
1774899460.3049471,1.0
1774899460.3231177,1.0
1774899460.3413098,1.0
1774899460.3594456,1.0
1774899460.3777544,1.0
1774899460.3958716,1.0
1774899460.4139974,1.0
1774899460.4321449,1.0
1774899460.4502835,1.0
1774899460.4684544,1.0
1774899460.486736,1.0
1774899460.5048656,1.0
1774899460.5229907,1.0
1774899460.5411296,1.0
1774899460.5595145,1.0
1774899460.577687,1.0
1774899460.5958323,1.0
1774899460.613996,1.0
1774899460.6321955,1.0
1774899460.6505105,1.0
1774899460.6686776,1.0
1774899460.686881,1.0
1774899460.7050784,1.0
1774899460.7232184,1.0
1774899460.7414036,1.0
1774899460.7595556,1.0
1774899460.7777333,1.0
1774899460.7959921,1.0
1774899460.8140907,1.0
1774899460.832318,1.0
1774899460.8504298,1.0
1774899460.8684576,1.0
1774899460.886666,1.0
1774899460.9047687,1.0
1774899460.9228733,1.0
1774899460.9413207,1.0
1774899460.9594684,1.0
1774899460.977547,1.0
1774899460.9960003,1.0
1774899461.0140097,1.0
1774899461.0320466,1.0
1774899461.0502045,1.0
1774899461.068327,1.0
1774899461.0863643,1.0
1774899461.104576,1.0
1774899461.1226265,1.0
1774899461.1407716,1.0
1774899461.1588595,1.0
1774899461.1768913,1.0
1774899461.1962953,1.0
1774899461.2146142,1.0
1774899461.2326486,1.0
1774899461.2510488,1.0
1774899461.2691379,1.0
1774899461.2874434,1.0
1774899461.3058171,1.0
1774899461.3239212,1.0
1774899461.3422515,1.0
1774899461.360517,1.0
1774899461.3789532,1.0
1774899461.3970556,1.0
1774899461.4151752,1.0
1774899461.433336,1.0
1774899461.4516206,1.0
1774899461.4696827,1.0
1774899461.487683,1.0
1774899461.505732,1.0
1774899461.523739,1.0
1774899461.5417948,1.0
1774899461.5598552,1.0
1774899461.577984,1.0
1774899461.5960107,1.0
1774899461.614075,1.0
1774899461.6321173,1.0
1774899461.6503177,1.0
1774899461.6683736,1.0
1774899461.6864245,1.0
1774899461.7044353,1.0
1774899461.722574,1.0
1774899461.7406394,1.0
1774899461.7587008,1.0
1774899461.7768245,1.0
1774899461.794828,1.0
1774899461.813004,1.0
1774899461.8310876,1.0
1774899461.8490815,1.0
1774899461.8671746,1.0
1774899461.885225,1.0
1774899461.9032693,1.0
1774899461.9213712,1.0
1774899461.9395452,1.0
1774899461.9575531,1.0
1774899461.975578,1.0
1774899461.993666,1.0
1774899462.0116944,1.0
1774899462.0297873,1.0
1774899462.0478008,1.0
1774899462.0658555,1.0
1774899462.0839417,1.0
1774899462.1020305,1.0
1774899462.1200554,1.0
1774899462.1380656,1.0
1774899462.1560867,1.0
1774899462.1741624,1.0
1774899462.193642,1.0
1774899462.211839,1.0
1774899462.2298522,1.0
1774899462.2479908,1.0
1774899462.2661016,1.0
1774899462.2842803,1.0
1774899462.3025727,1.0
1774899462.320614,1.0
1774899462.3386967,1.0
1774899462.3566902,1.0
1774899462.3747911,1.0
1774899462.3930066,1.0
1774899462.4111054,1.0
1774899462.42918,1.0
1774899462.447177,1.0
1774899462.4652355,1.0
1774899462.483237,1.0
1774899462.5013053,1.0
1774899462.5193172,1.0
1774899462.5373626,1.0
1774899462.5554037,1.0
1774899462.5734305,1.0
1774899462.5914612,1.0
1774899462.6095335,1.0
1774899462.6275756,1.0
1774899462.645674,1.0
1774899462.6637535,1.0
1774899462.6818209,1.0
1774899462.6999183,1.0
1774899462.7180228,1.0
1774899462.7360184,1.0
1774899462.7541184,1.0
1774899462.7720976,1.0
1774899462.7901769,1.0
1774899462.808311,1.0
1774899462.8265824,1.0
1774899462.8445787,1.0
1774899462.862672,1.0
1774899462.8807526,1.0
1774899462.8988104,1.0
1774899462.9168353,1.0
1774899462.9348624,1.0
1774899462.9529657,1.0
1774899462.9710577,1.0
1774899462.989581,1.0
1774899463.0076017,1.0
1774899463.025853,1.0
1774899463.0438612,1.0
1774899463.0619721,1.0
1774899463.0799842,1.0
1774899463.0980525,1.0
1774899463.11621,1.0
1774899463.1341853,1.0
1774899463.1522532,1.0
1774899463.1704936,1.0
1774899463.1894484,1.0
1774899463.2079062,1.0
1774899463.2259858,1.0
1774899463.2440653,1.0
1774899463.2622237,1.0
1774899463.2804198,1.0
1774899463.298763,1.0
1774899463.317015,1.0
1774899463.3350434,1.0
1774899463.3530767,1.0
1774899463.3711202,1.0
1774899463.3895252,1.0
1774899463.4077358,1.0
1774899463.425874,1.0
1774899463.4439847,1.0
1774899463.46221,1.0
1774899463.4804132,1.0
1774899463.4986424,1.0
1774899463.5168328,1.0
1774899463.5351093,1.0
1774899463.5532367,1.0
1774899463.5713944,1.0
1774899463.5895526,1.0
1774899463.6076767,1.0
1774899463.6259313,1.0
1774899463.6440449,1.0
1774899463.662262,1.0
1774899463.6804352,1.0
1774899463.6985815,1.0
1774899463.716758,1.0
1774899463.7349088,1.0
1774899463.7530475,1.0
1774899463.7712274,1.0
1774899463.7893782,1.0
1774899463.807583,1.0
1774899463.8260922,1.0
1774899463.844145,1.0
1774899463.862349,1.0
1774899463.880496,1.0
1774899463.8987238,1.0
1774899463.9168465,1.0
1774899463.9350076,1.0
1774899463.953172,1.0
1774899463.9713695,1.0
1774899463.98951,1.0
1774899464.0076501,1.0
1774899464.0257914,1.0
1774899464.0439782,1.0
1774899464.0623045,1.0
1774899464.080539,1.0
1774899464.098676,1.0
1774899464.1167858,1.0
1774899464.1349356,1.0
1774899464.1532154,1.0
1774899464.1716044,1.0
1774899464.191557,1.0
1774899464.210167,1.0
1774899464.228259,1.0
1774899464.2468505,1.0
1774899464.2649543,1.0
1774899464.2832778,1.0
1774899464.3020716,1.0
1774899464.3201954,1.0
1774899464.3385203,1.0
1774899464.356778,1.0
1774899464.3749242,1.0
1774899464.3934267,1.0
1774899464.4115758,1.0
1774899464.429824,1.0
1774899464.448158,1.0
1774899464.4664972,1.0
1774899464.4846675,1.0
1774899464.5030546,1.0
1774899464.521261,1.0
1774899464.5394132,1.0
1774899464.5578592,1.0
1774899464.5760615,1.0
1774899464.5942214,1.0
1774899464.6124797,1.0
1774899464.6306846,1.0
1774899464.648809,1.0
1774899464.666962,1.0
1774899464.6852584,1.0
1774899464.7035758,1.0
1774899464.721796,1.0
1774899464.7399266,1.0
1774899464.758203,1.0
1774899464.776277,1.0
1774899464.7943852,1.0
1774899464.8124251,1.0
1774899464.8308659,1.0
1774899464.8489213,1.0
1774899464.867045,1.0
1774899464.8851478,1.0
1774899464.9033332,1.0
1774899464.9215567,1.0
1774899464.939625,1.0
1774899464.957871,1.0
1774899464.9761252,1.0
1774899464.9941301,1.0
1774899465.0121896,1.0
1774899465.0302734,1.0
1774899465.0486255,1.0
1774899465.0667932,1.0
1774899465.0848289,1.0
1774899465.1028728,1.0
1774899465.1209838,1.0
1774899465.1390014,1.0
1774899465.1572196,1.0
1774899465.1752687,1.0
1774899465.1946568,1.0
1774899465.2130077,1.0
1774899465.2310684,1.0
1774899465.2491593,1.0
1774899465.2671978,1.0
1774899465.285376,1.0
1774899465.303703,1.0
1774899465.3217216,1.0
1774899465.3397753,1.0
1774899465.3577702,1.0
1774899465.3759484,1.0
1774899465.3941755,1.0
1774899465.412288,1.0
1774899465.4303763,1.0
1774899465.4484131,1.0
1774899465.4667923,1.0
1774899465.485028,1.0
1774899465.5030217,1.0
1774899465.521149,1.0
1774899465.5392911,1.0
1774899465.5573754,1.0
1774899465.5753994,1.0
1774899465.5934343,1.0
1774899465.6115599,1.0
1774899465.6295588,1.0
1774899465.6475258,1.0
1774899465.6656818,1.0
1774899465.6836507,1.0
1774899465.7016952,1.0
1774899465.719664,1.0
1774899465.7376835,1.0
1774899465.7556636,1.0
1774899465.7737224,1.0
1774899465.7916682,1.0
1774899465.8096707,1.0
1774899465.827812,1.0
1774899465.8458157,1.0
1774899465.8638535,1.0
1774899465.881936,1.0
1774899465.9000902,1.0
1774899465.9182296,1.0
1774899465.9362738,1.0
1774899465.9543815,1.0
1774899465.9724789,1.0
1774899465.990654,1.0
1774899466.008709,1.0
1774899466.0268235,1.0
1774899466.0450897,1.0
1774899466.0633395,1.0
1774899466.081395,1.0
1774899466.0995202,1.0
1774899466.1176102,1.0
1774899466.1357584,1.0
1774899466.1538372,1.0
1774899466.1719198,1.0
1774899466.1914434,1.0
1774899466.2099657,1.0
1774899466.2279565,1.0
1774899466.2461545,1.0
1774899466.2643647,1.0
1774899466.2825985,1.0
1774899466.3006518,1.0
1774899466.3190134,1.0
1774899466.3371072,1.0
1774899466.3551517,1.0
1774899466.373251,1.0
1774899466.3917658,1.0
1774899466.4099896,1.0
1774899466.4280937,1.0
1774899466.446263,1.0
1774899466.464502,1.0
1774899466.482545,1.0
1774899466.5006447,1.0
1774899466.518782,1.0
1774899466.5370069,1.0
1774899466.5550861,1.0
1774899466.573255,1.0
1774899466.5913448,1.0
1774899466.6094732,1.0
1774899466.627564,1.0
1774899466.645743,1.0
1774899466.6639853,1.0
1774899466.6820812,1.0
1774899466.7003334,1.0
1774899466.7184062,1.0
1774899466.736466,1.0
1774899466.7545807,1.0
1774899466.772713,1.0
1774899466.7907872,1.0
1774899466.8090806,1.0
1774899466.8276439,1.0
1774899466.845706,1.0
1774899466.8639424,1.0
1774899466.881998,1.0
1774899466.9001122,1.0
1774899466.9183702,1.0
1774899466.9365559,1.0
1774899466.95464,1.0
1774899466.9728148,1.0
1774899466.9908845,1.0
1774899467.0088735,1.0
1774899467.0271928,1.0
1774899467.0451262,1.0
1774899467.0632174,1.0
1774899467.081147,1.0
1774899467.0993981,1.0
1774899467.117578,1.0
1774899467.135529,1.0
1774899467.153585,1.0
1774899467.1715255,1.0
1774899467.1907365,1.0
1774899467.2089207,1.0
1774899467.2270353,1.0
1774899467.245167,1.0
1774899467.263309,1.0
1774899467.281489,1.0
1774899467.2995088,1.0
1774899467.3176742,1.0
1774899467.3359053,1.0
1774899467.3543096,1.0
1774899467.3724842,1.0
1774899467.3908262,1.0
1774899467.4091961,1.0
1774899467.4272842,1.0
1774899467.445418,1.0
1774899467.4638216,1.0
1774899467.4818897,1.0
1774899467.4998424,1.0
1774899467.517856,1.0
1774899467.5358827,1.0
1774899467.5539522,1.0
1774899467.5719252,1.0
1774899467.5899236,1.0
1774899467.6081636,1.0
1774899467.6261096,1.0
1774899467.6440542,1.0
1774899467.6620903,1.0
1774899467.6801257,1.0
1774899467.6980865,1.0
1774899467.7160466,1.0
1774899467.734094,1.0
1774899467.7520316,1.0
1774899467.7699535,1.0
1774899467.7880135,1.0
1774899467.806034,1.0
1774899467.8240125,1.0
1774899467.8420987,1.0
1774899467.860067,1.0
1774899467.8780456,1.0
1774899467.8961148,1.0
1774899467.9140658,1.0
1774899467.9322293,1.0
1774899467.9504933,1.0
1774899467.9684377,1.0
1774899467.9863884,1.0
1774899468.0043392,1.0
1774899468.0223253,1.0
1774899468.0403292,1.0
1774899468.0584118,1.0
1774899468.0763574,1.0
1774899468.094471,1.0
1774899468.1125336,1.0
1774899468.1305594,1.0
1774899468.148508,1.0
1774899468.166502,1.0
1774899468.1859827,1.0
1774899468.2039456,1.0
1774899468.2222264,1.0
1774899468.240169,1.0
1774899468.2582676,1.0
1774899468.276216,1.0
1774899468.294299,1.0
1774899468.3124266,1.0
1774899468.330402,1.0
1774899468.3483713,1.0
1774899468.3663764,1.0
1774899468.3845232,1.0
1774899468.4025795,1.0
1774899468.4207718,1.0
1774899468.4388096,1.0
1774899468.4568048,1.0
1774899468.4748077,1.0
1774899468.4928014,1.0
1774899468.5108316,1.0
1774899468.5288758,1.0
1774899468.546811,1.0
1774899468.5647662,1.0
1774899468.5829992,1.0
1774899468.6009552,1.0
1774899468.6189399,1.0
1774899468.6368732,1.0
1774899468.6548538,1.0
1774899468.672849,1.0
1774899468.6909037,1.0
1774899468.7089088,1.0
1774899468.7270486,1.0
1774899468.745035,1.0
1774899468.7630076,1.0
1774899468.7809865,1.0
1774899468.799159,1.0
1774899468.8171759,1.0
1774899468.8354344,1.0
1774899468.8533683,1.0
1774899468.8713708,1.0
1774899468.8895106,1.0
1774899468.9074361,1.0
1774899468.925412,1.0
1774899468.9433627,1.0
1774899468.9614034,1.0
1774899468.9793026,1.0
1774899468.9972508,1.0
1774899469.0152078,1.0
1774899469.033164,1.0
1774899469.0511854,1.0
1774899469.069176,1.0
1774899469.0871806,1.0
1774899469.105271,1.0
1774899469.1231823,1.0
1774899469.141439,1.0
1774899469.1594694,1.0
1774899469.1775224,1.0
1774899469.1971674,1.0
1774899469.2155716,1.0
1774899469.2335305,1.0
1774899469.2518046,1.0
1774899469.2697968,1.0
1774899469.2880402,1.0
1774899469.3064246,1.0
1774899469.3243494,1.0
1774899469.3425233,1.0
1774899469.3605964,1.0
1774899469.378549,1.0
1774899469.3968067,1.0
1774899469.4148505,1.0
1774899469.4329305,1.0
1774899469.4509804,1.0
1774899469.4690065,1.0
1774899469.4870448,1.0
1774899469.5049465,1.0
1774899469.5229464,1.0
1774899469.5410585,1.0
1774899469.558984,1.0
1774899469.5770001,1.0
1774899469.594984,1.0
1774899469.6130064,1.0
1774899469.631095,1.0
1774899469.649015,1.0
1774899469.667034,1.0
1774899469.6851072,1.0
1774899469.7030084,1.0
1774899469.7211325,1.0
1774899469.739156,1.0
1774899469.7571518,1.0
1774899469.7751884,1.0
1774899469.7932012,1.0
1774899469.81114,1.0
1774899469.829223,1.0
1774899469.8474874,1.0
1774899469.8654509,1.0
1774899469.8833756,1.0
1774899469.9013727,1.0
1774899469.9194326,1.0
1774899469.937457,1.0
1774899469.9553664,1.0
1774899469.9733095,1.0
1774899469.991318,1.0
1774899470.009328,1.0
1774899470.027363,1.0
1774899470.0453284,1.0
1774899470.0633523,1.0
1774899470.0813296,1.0
1774899470.099502,1.0
1774899470.1175141,1.0
1774899470.135514,1.0
1774899470.1535246,1.0
1774899470.1714895,1.0
1774899470.1903794,1.0
1774899470.2086418,1.0
1774899470.2266858,1.0
1774899470.244698,1.0
1774899470.262852,1.0
1774899470.2812984,1.0
1774899470.2993317,1.0
1774899470.317673,1.0
1774899470.335771,1.0
1774899470.353738,1.0
1774899470.3717418,1.0
1774899470.3898978,1.0
1774899470.4080322,1.0
1774899470.4260323,1.0
1774899470.4439712,1.0
1774899470.4620962,1.0
1774899470.4800355,1.0
1774899470.4980607,1.0
1774899470.5159905,1.0
1774899470.5340261,1.0
1774899470.5519583,1.0
1774899470.5698924,1.0
1774899470.5879164,1.0
1774899470.6059053,1.0
1774899470.6238549,1.0
1774899470.6418648,1.0
1774899470.659984,1.0
1774899470.6779847,1.0
1774899470.6959634,1.0
1774899470.7139819,1.0
1774899470.7319221,1.0
1774899470.74992,1.0
1774899470.7678342,1.0
1774899470.7857578,1.0
1774899470.8037887,1.0
1774899470.8217912,1.0
1774899470.839965,1.0
1774899470.8578608,1.0
1774899470.875822,1.0
1774899470.893757,1.0
1774899470.9117694,1.0
1774899470.9296992,1.0
1774899470.947881,1.0
1774899470.965849,1.0
1774899470.9838407,1.0
1774899471.0019062,1.0
1774899471.0200276,1.0
1774899471.0379753,1.0
1774899471.05601,1.0
1774899471.0740433,1.0
1774899471.09209,1.0
1774899471.1101496,1.0
1774899471.128157,1.0
1774899471.1461215,1.0
1774899471.1640303,1.0
1774899471.183606,1.0
1774899471.2014947,1.0
1774899471.2196414,1.0
1774899471.2376266,1.0
1774899471.2558353,1.0
1774899471.2738013,1.0
1774899471.2919722,1.0
1774899471.310129,1.0
1774899471.3281476,1.0
1774899471.3460724,1.0
1774899471.3640056,1.0
1774899471.3820417,1.0
1774899471.4001868,1.0
1774899471.418141,1.0
1774899471.436091,1.0
1774899471.4542513,1.0
1774899471.4726467,1.0
1774899471.4905827,1.0
1774899471.5086222,1.0
1774899471.5268068,1.0
1774899471.5447612,1.0
1774899471.5627317,1.0
1774899471.5806937,1.0
1774899471.5987236,1.0
1774899471.6167724,1.0
1774899471.636443,1.0
1774899471.6544962,1.0
1774899471.6726942,1.0
1774899471.6906736,1.0
1774899471.7086163,1.0
1774899471.7266269,1.0
1774899471.744616,1.0
1774899471.7625327,1.0
1774899471.7805657,1.0
1774899471.7985477,1.0
1774899471.8165429,1.0
1774899471.8346794,1.0
1774899471.8527153,1.0
1774899471.8706512,1.0
1774899471.8885598,1.0
1774899471.9065292,1.0
1774899471.9244711,1.0
1774899471.9424856,1.0
1774899471.960384,1.0
1774899471.9784188,1.0
1774899471.9964054,1.0
1774899472.0143545,1.0
1774899472.0323713,1.0
1774899472.0503294,1.0
1774899472.0682595,1.0
1774899472.086469,1.0
1774899472.104406,1.0
1774899472.1224346,1.0
1774899472.1403854,1.0
1774899472.158329,1.0
1774899472.1776338,1.0
1774899472.1959689,1.0
1774899472.2143438,1.0
1774899472.2323093,1.0
1774899472.2507002,1.0
1774899472.2685993,1.0
1774899472.2867455,1.0
1774899472.30461,1.0
1774899472.3228655,1.0
1774899472.340817,1.0
1774899472.3589382,1.0
1774899472.3769758,1.0
1774899472.3955078,1.0
1774899472.4133828,1.0
1774899472.4313695,1.0
1774899472.4493625,1.0
1774899472.4674594,1.0
1774899472.4854112,1.0
1774899472.5033996,1.0
1774899472.5214715,1.0
1774899472.5394158,1.0
1774899472.5574334,1.0
1774899472.575422,1.0
1774899472.5933712,1.0
1774899472.611386,1.0
1774899472.6293979,1.0
1774899472.6474888,1.0
1774899472.6655369,1.0
1774899472.6834862,1.0
1774899472.7014337,1.0
1774899472.7195296,1.0
1774899472.7374742,1.0
1774899472.7555895,1.0
1774899472.7735991,1.0
1774899472.7915957,1.0
1774899472.8095918,1.0
1774899472.8276262,1.0
1774899472.8456326,1.0
1774899472.863638,1.0
1774899472.8816173,1.0
1774899472.8997018,1.0
1774899472.9178255,1.0
1774899472.935765,1.0
1774899472.9537733,1.0
1774899472.971884,1.0
1774899472.9898107,1.0
1774899473.007819,1.0
1774899473.0258932,1.0
1774899473.0438628,1.0
1774899473.0620203,1.0
1774899473.0801008,1.0
1774899473.0980644,1.0
1774899473.1162248,1.0
1774899473.1343362,1.0
1774899473.152379,1.0
1774899473.1703117,1.0
1774899473.1894605,1.0
1774899473.2077017,1.0
1774899473.2259262,1.0
1774899473.2442505,1.0
1774899473.2624192,1.0
1774899473.28049,1.0
1774899473.2987704,1.0
1774899473.3171003,1.0
1774899473.3350942,1.0
1774899473.3531446,1.0
1774899473.3711424,1.0
1774899473.3894188,1.0
1774899473.4075007,1.0
1774899473.4255161,1.0
1774899473.4435792,1.0
1774899473.4616036,1.0
1774899473.4797006,1.0
1774899473.4977884,1.0
1774899473.515776,1.0
1774899473.5337968,1.0
1774899473.551935,1.0
1774899473.5699368,1.0
1774899473.587956,1.0
1774899473.6059868,1.0
1774899473.6241431,1.0
1774899473.6420906,1.0
1774899473.6601136,1.0
1774899473.6782792,1.0
1774899473.6963124,1.0
1774899473.714407,1.0
1774899473.7325675,1.0
1774899473.7505543,1.0
1774899473.7686124,1.0
1774899473.7865884,1.0
1774899473.8046434,1.0
1774899473.8226852,1.0
1774899473.8408456,1.0
1774899473.8588803,1.0
1774899473.8770823,1.0
1774899473.8951428,1.0
1774899473.9131424,1.0
1774899473.9311824,1.0
1774899473.9491787,1.0
1774899473.967252,1.0
1774899473.9852078,1.0
1774899474.003229,1.0
1774899474.021224,1.0
1774899474.039321,1.0
1774899474.057353,1.0
1774899474.075481,1.0
1774899474.093743,1.0
1774899474.1117678,1.0
1774899474.1297543,1.0
1774899474.1477706,1.0
1774899474.1658003,1.0
1774899474.1856706,1.0
1774899474.2036502,1.0
1774899474.2218843,1.0
1774899474.2399313,1.0
1774899474.258057,1.0
1774899474.2761683,1.0
1774899474.2943544,1.0
1774899474.312609,1.0
1774899474.3306866,1.0
1774899474.349106,1.0
1774899474.367086,1.0
1774899474.3851528,1.0
1774899474.4035246,1.0
1774899474.4216564,1.0
1774899474.4396873,1.0
1774899474.4577463,1.0
1774899474.4757516,1.0
1774899474.4938078,1.0
1774899474.5118032,1.0
1774899474.52979,1.0
1774899474.5478094,1.0
1774899474.5658135,1.0
1774899474.5838318,1.0
1774899474.6018724,1.0
1774899474.6198814,1.0
1774899474.6378624,1.0
1774899474.6559253,1.0
1774899474.6739593,1.0
1774899474.691957,1.0
1774899474.7099698,1.0
1774899474.7279885,1.0
1774899474.7460268,1.0
1774899474.7641604,1.0
1774899474.7821767,1.0
1774899474.800155,1.0
1774899474.8182783,1.0
1774899474.8364105,1.0
1774899474.8544414,1.0
1774899474.872505,1.0
1774899474.8905044,1.0
1774899474.908497,1.0
1774899474.9265783,1.0
1774899474.944604,1.0
1774899474.9626608,1.0
1774899474.9808555,1.0
1774899474.998862,1.0
1774899475.0169182,1.0
1774899475.0349028,1.0
1774899475.0529237,1.0
1774899475.0709212,1.0
1774899475.0891564,1.0
1774899475.1072283,1.0
1774899475.1252956,1.0
1774899475.1433237,1.0
1774899475.1613824,1.0
1774899475.1794238,1.0
1774899475.1991332,1.0
1774899475.2172966,1.0
1774899475.2354093,1.0
1774899475.2536542,1.0
1774899475.271709,1.0
1774899475.2904913,1.0
1774899475.3087637,1.0
1774899475.3267548,1.0
1774899475.3448906,1.0
1774899475.362888,1.0
1774899475.3809414,1.0
1774899475.399409,1.0
1774899475.417401,1.0
1774899475.435485,1.0
1774899475.4535089,1.0
1774899475.4719188,1.0
1774899475.4900753,1.0
1774899475.5080676,1.0
1774899475.5260978,1.0
1774899475.5442293,1.0
1774899475.562397,1.0
1774899475.5804315,1.0
1774899475.5983992,1.0
1774899475.616459,1.0
1774899475.634465,1.0
1774899475.6524837,1.0
1774899475.6705382,1.0
1774899475.688576,1.0
1774899475.7065668,1.0
1774899475.7246509,1.0
1774899475.7427545,1.0
1774899475.7607193,1.0
1774899475.778759,1.0
1774899475.7967155,1.0
1774899475.8147924,1.0
1774899475.8330703,1.0
1774899475.8510685,1.0
1774899475.8690653,1.0
1774899475.8871233,1.0
1774899475.905102,1.0
1774899475.9230883,1.0
1774899475.941188,1.0
1774899475.959141,1.0
1774899475.9774902,1.0
1774899475.9954965,1.0
1774899476.0135145,1.0
1774899476.0316215,1.0
1774899476.0496714,1.0
1774899476.0677674,1.0
1774899476.0858626,1.0
1774899476.1040056,1.0
1774899476.1219742,1.0
1774899476.1400452,1.0
1774899476.1580338,1.0
1774899476.1761055,1.0
1774899476.1953979,1.0
1774899476.213763,1.0
1774899476.2317853,1.0
1774899476.250249,1.0
1774899476.2682912,1.0
1774899476.2866,1.0
1774899476.3046172,1.0
1774899476.3228939,1.0
1774899476.3409607,1.0
1774899476.358953,1.0
1774899476.377041,1.0
1774899476.3952885,1.0
1774899476.413251,1.0
1774899476.4313328,1.0
1774899476.449308,1.0
1774899476.4673507,1.0
1774899476.4854922,1.0
1774899476.5034893,1.0
1774899476.5215583,1.0
1774899476.5395436,1.0
1774899476.5575593,1.0
1774899476.5756214,1.0
1774899476.5935776,1.0
1774899476.6116521,1.0
1774899476.6298459,1.0
1774899476.6478784,1.0
1774899476.6661031,1.0
1774899476.684092,1.0
1774899476.702149,1.0
1774899476.72012,1.0
1774899476.7383437,1.0
1774899476.7564914,1.0
1774899476.774514,1.0
1774899476.7924633,1.0
1774899476.810608,1.0
1774899476.8286815,1.0
1774899476.8466516,1.0
1774899476.864714,1.0
1774899476.8827212,1.0
1774899476.9009125,1.0
1774899476.9189048,1.0
1774899476.9369905,1.0
1774899476.955116,1.0
1774899476.973155,1.0
1774899476.9911716,1.0
1774899477.0091338,1.0
1774899477.0271273,1.0
1774899477.045336,1.0
1774899477.0632915,1.0
1774899477.0813842,1.0
1774899477.0993807,1.0
1774899477.1175609,1.0
1774899477.1357868,1.0
1774899477.1537666,1.0
1774899477.1717823,1.0
1774899477.1910057,1.0
1774899477.2093616,1.0
1774899477.2274022,1.0
1774899477.2454758,1.0
1774899477.2634678,1.0
1774899477.2817373,1.0
1774899477.2998548,1.0
1774899477.3182247,1.0
1774899477.33656,1.0
1774899477.3547473,1.0
1774899477.372739,1.0
1774899477.390902,1.0
1774899477.4089627,1.0
1774899477.4269588,1.0
1774899477.4450653,1.0
1774899477.4630544,1.0
1774899477.4814925,1.0
1774899477.4995215,1.0
1774899477.5175548,1.0
1774899477.535656,1.0
1774899477.5539353,1.0
1774899477.5718966,1.0
1774899477.5899022,1.0
1774899477.6079533,1.0
1774899477.6259449,1.0
1774899477.6440086,1.0
1774899477.6620116,1.0
1774899477.6800237,1.0
1774899477.6980662,1.0
1774899477.716043,1.0
1774899477.7342014,1.0
1774899477.752173,1.0
1774899477.7702308,1.0
1774899477.7882004,1.0
1774899477.8062959,1.0
1774899477.8245022,1.0
1774899477.8426871,1.0
1774899477.8608544,1.0
1774899477.8788428,1.0
1774899477.8968115,1.0
1774899477.914822,1.0
1774899477.93285,1.0
1774899477.9509926,1.0
1774899477.9689653,1.0
1774899477.9869967,1.0
1774899478.0053275,1.0
1774899478.0233078,1.0
1774899478.041249,1.0
1774899478.059323,1.0
1774899478.0773754,1.0
1774899478.0954466,1.0
1774899478.113431,1.0
1774899478.131535,1.0
1774899478.1496117,1.0
1774899478.1675863,1.0
1774899478.1869106,1.0
1774899478.205035,1.0
1774899478.2232373,1.0
1774899478.2412338,1.0
1774899478.259371,1.0
1774899478.2774346,1.0
1774899478.295553,1.0
1774899478.314177,1.0
1774899478.3321335,1.0
1774899478.3500946,1.0
1774899478.3680725,1.0
1774899478.3861449,1.0
1774899478.4043834,1.0
1774899478.4224713,1.0
1774899478.440473,1.0
1774899478.4584467,1.0
1774899478.4766502,1.0
1774899478.494655,1.0
1774899478.5127301,1.0
1774899478.5307143,1.0
1774899478.548966,1.0
1774899478.566953,1.0
1774899478.5849397,1.0
1774899478.6029706,1.0
1774899478.621044,1.0
1774899478.6390753,1.0
1774899478.6570811,1.0
1774899478.6751103,1.0
1774899478.6932855,1.0
1774899478.711353,1.0
1774899478.729355,1.0
1774899478.747296,1.0
1774899478.7653396,1.0
1774899478.7834234,1.0
1774899478.8013895,1.0
1774899478.8194814,1.0
1774899478.8375266,1.0
1774899478.8554864,1.0
1774899478.8734834,1.0
1774899478.8915584,1.0
1774899478.9096632,1.0
1774899478.9276505,1.0
1774899478.9456377,1.0
1774899478.963825,1.0
1774899478.9818275,1.0
1774899478.9999743,1.0
1774899479.017961,1.0
1774899479.0360143,1.0
1774899479.0539727,1.0
1774899479.071983,1.0
1774899479.0900123,1.0
1774899479.1079855,1.0
1774899479.1260984,1.0
1774899479.1442256,1.0
1774899479.1624527,1.0
1774899479.182019,1.0
1774899479.2002544,1.0
1774899479.2187526,1.0
1774899479.2367294,1.0
1774899479.2552307,1.0
1774899479.273358,1.0
1774899479.2917,1.0
1774899479.3098695,1.0
1774899479.3281493,1.0
1774899479.3462238,1.0
1774899479.364213,1.0
1774899479.382633,1.0
1774899479.4009733,1.0
1774899479.4189909,1.0
1774899479.4370718,1.0
1774899479.4550328,1.0
1774899479.4731543,1.0
1774899479.4911363,1.0
1774899479.5091498,1.0
1774899479.5272107,1.0
1774899479.5452926,1.0
1774899479.5632513,1.0
1774899479.5812702,1.0
1774899479.5993314,1.0
1774899479.6173093,1.0
1774899479.6353526,1.0
1774899479.6534047,1.0
1774899479.6714559,1.0
1774899479.6895328,1.0
1774899479.7075005,1.0
1774899479.7255783,1.0
1774899479.7435875,1.0
1774899479.7617397,1.0
1774899479.779752,1.0
1774899479.797754,1.0
1774899479.8158343,1.0
1774899479.8338437,1.0
1774899479.8519719,1.0
1774899479.8701034,1.0
1774899479.888116,1.0
1774899479.9064453,1.0
1774899479.9244623,1.0
1774899479.9425077,1.0
1774899479.9605174,1.0
1774899479.97854,1.0
1774899479.9965966,1.0
1774899480.0148163,1.0
1774899480.0328367,1.0
1774899480.0509815,1.0
1774899480.0689712,1.0
1774899480.0870588,1.0
1774899480.1051967,1.0
1774899480.123226,1.0
1774899480.1411886,1.0
1774899480.1592333,1.0
1774899480.177213,1.0
1774899480.1963868,1.0
1774899480.2146761,1.0
1774899480.232654,1.0
1774899480.2510512,1.0
1774899480.2690084,1.0
1774899480.2871742,1.0
1774899480.3052158,1.0
1774899480.3240101,1.0
1774899480.3420148,1.0
1774899480.3600028,1.0
1774899480.3780832,1.0
1774899480.3962016,1.0
1774899480.4142952,1.0
1774899480.4322305,1.0
1774899480.450265,1.0
1774899480.4683459,1.0
1774899480.4864063,1.0
1774899480.5043883,1.0
1774899480.522363,1.0
1774899480.5404096,1.0
1774899480.558462,1.0
1774899480.5764687,1.0
1774899480.5944455,1.0
1774899480.6125438,1.0
1774899480.630518,1.0
1774899480.6486783,1.0
1774899480.6668687,1.0
1774899480.6849453,1.0
1774899480.7030098,1.0
1774899480.7209878,1.0
1774899480.739072,1.0
1774899480.7571154,1.0
1774899480.7751193,1.0
1774899480.7930958,1.0
1774899480.8111541,1.0
1774899480.829643,1.0
1774899480.847594,1.0
1774899480.865623,1.0
1774899480.8837552,1.0
1774899480.901694,1.0
1774899480.919735,1.0
1774899480.937735,1.0
1774899480.9557958,1.0
1774899480.973771,1.0
1774899480.9917424,1.0
1774899481.009817,1.0
1774899481.0280871,1.0
1774899481.0461738,1.0
1774899481.0641916,1.0
1774899481.0823128,1.0
1774899481.10034,1.0
1774899481.1182961,1.0
1774899481.1363027,1.0
1774899481.1543474,1.0
1774899481.172328,1.0
1774899481.1919632,1.0
1774899481.2101197,1.0
1774899481.2282007,1.0
1774899481.2463095,1.0
1774899481.264298,1.0
1774899481.2824407,1.0
1774899481.3007002,1.0
1774899481.3193443,1.0
1774899481.337307,1.0
1774899481.3556423,1.0
1774899481.3737273,1.0
1774899481.3918593,1.0
1774899481.4097931,1.0
1774899481.4279552,1.0
1774899481.445959,1.0
1774899481.463999,1.0
1774899481.4821227,1.0
1774899481.500096,1.0
1774899481.5182064,1.0
1774899481.5362012,1.0
1774899481.5541668,1.0
1774899481.5722861,1.0
1774899481.5902507,1.0
1774899481.6083138,1.0
1774899481.626285,1.0
1774899481.644331,1.0
1774899481.6623137,1.0
1774899481.6803243,1.0
1774899481.698249,1.0
1774899481.7163217,1.0
1774899481.7343118,1.0
1774899481.7523487,1.0
1774899481.770507,1.0
1774899481.7884629,1.0
1774899481.8064137,1.0
1774899481.8244174,1.0
1774899481.8424497,1.0
1774899481.8604198,1.0
1774899481.8783693,1.0
1774899481.8964055,1.0
1774899481.9143608,1.0
1774899481.9324148,1.0
1774899481.9503984,1.0
1774899481.9684114,1.0
1774899481.986419,1.0
1774899482.0044622,1.0
1774899482.0224185,1.0
1774899482.040451,1.0
1774899482.0584602,1.0
1774899482.0766015,1.0
1774899482.0946538,1.0
1774899482.1125958,1.0
1774899482.1305475,1.0
1774899482.1485596,1.0
1774899482.1665056,1.0
1774899482.1859922,1.0
1774899482.2038987,1.0
1774899482.2221088,1.0
1774899482.240102,1.0
1774899482.2583356,1.0
1774899482.276392,1.0
1774899482.2944922,1.0
1774899482.31267,1.0
1774899482.3308854,1.0
1774899482.3488197,1.0
1774899482.366959,1.0
1774899482.3849165,1.0
1774899482.4031897,1.0
1774899482.421119,1.0
1774899482.4391875,1.0
1774899482.457387,1.0
1774899482.4753487,1.0
1774899482.4933958,1.0
1774899482.5114071,1.0
1774899482.529353,1.0
1774899482.547316,1.0
1774899482.565328,1.0
1774899482.5833383,1.0
1774899482.601368,1.0
1774899482.6194613,1.0
1774899482.6374214,1.0
1774899482.6556363,1.0
1774899482.6736536,1.0
1774899482.6916518,1.0
1774899482.7096937,1.0
1774899482.7278204,1.0
1774899482.745826,1.0
1774899482.7637684,1.0
1774899482.7817755,1.0
1774899482.7997227,1.0
1774899482.8176627,1.0
1774899482.8359263,1.0
1774899482.8538733,1.0
1774899482.8719676,1.0
1774899482.8900013,1.0
1774899482.9079409,1.0
1774899482.925929,1.0
1774899482.943889,1.0
1774899482.962005,1.0
1774899482.9799485,1.0
1774899482.9979131,1.0
1774899483.0158467,1.0
1774899483.0338535,1.0
1774899483.0518992,1.0
1774899483.070001,1.0
1774899483.0880196,1.0
1774899483.1061091,1.0
1774899483.1240833,1.0
1774899483.1420364,1.0
1774899483.1600568,1.0
1774899483.1781552,1.0
1774899483.197382,1.0
1774899483.2156484,1.0
1774899483.2336016,1.0
1774899483.2517214,1.0
1774899483.269697,1.0
1774899483.2878883,1.0
1774899483.3060765,1.0
1774899483.3245015,1.0
1774899483.3425045,1.0
1774899483.360509,1.0
1774899483.3785198,1.0
1774899483.3966098,1.0
1774899483.414833,1.0
1774899483.4328387,1.0
1774899483.450906,1.0
1774899483.4697149,1.0
1774899483.4879456,1.0
1774899483.5060186,1.0
1774899483.5240324,1.0
1774899483.542017,1.0
1774899483.5600135,1.0
1774899483.578014,1.0
1774899483.596019,1.0
1774899483.6140096,1.0
1774899483.6320367,1.0
1774899483.6500728,1.0
1774899483.6680832,1.0
1774899483.6861155,1.0
1774899483.7041736,1.0
1774899483.722186,1.0
1774899483.7401779,1.0
1774899483.7581882,1.0
1774899483.776201,1.0
1774899483.7942321,1.0
1774899483.8122659,1.0
1774899483.8303387,1.0
1774899483.8483553,1.0
1774899483.866351,1.0
1774899483.8844724,1.0
1774899483.9024518,1.0
1774899483.9204633,1.0
1774899483.9385192,1.0
1774899483.956572,1.0
1774899483.9745371,1.0
1774899483.992547,1.0
1774899484.0105054,1.0
1774899484.0284855,1.0
1774899484.0465162,1.0
1774899484.0645301,1.0
1774899484.082503,1.0
1774899484.10053,1.0
1774899484.1185415,1.0
1774899484.136496,1.0
1774899484.1545522,1.0
1774899484.1726208,1.0
1774899484.1919193,1.0
1774899484.2099197,1.0
1774899484.2279675,1.0
1774899484.2462049,1.0
1774899484.264343,1.0
1774899484.2823234,1.0
1774899484.3005102,1.0
1774899484.3188963,1.0
1774899484.3368747,1.0
1774899484.3550253,1.0
1774899484.3729956,1.0
1774899484.391025,1.0
1774899484.4091809,1.0
1774899484.4271362,1.0
1774899484.445205,1.0
1774899484.4632227,1.0
1774899484.481348,1.0
1774899484.499351,1.0
1774899484.51739,1.0
1774899484.535376,1.0
1774899484.5534906,1.0
1774899484.571492,1.0
1774899484.5894697,1.0
1774899484.607527,1.0
1774899484.6255224,1.0
1774899484.6435275,1.0
1774899484.661496,1.0
1774899484.679524,1.0
1774899484.697529,1.0
1774899484.7154884,1.0
1774899484.7335217,1.0
1774899484.7515755,1.0
1774899484.7695332,1.0
1774899484.7875326,1.0
1774899484.8055558,1.0
1774899484.823664,1.0
1774899484.8417165,1.0
1774899484.8597713,1.0
1774899484.8779633,1.0
1774899484.895962,1.0
1774899484.9140632,1.0
1774899484.9320154,1.0
1774899484.9501264,1.0
1774899484.9681075,1.0
1774899484.986207,1.0
1774899485.0042818,1.0
1774899485.022319,1.0
1774899485.0403595,1.0
1774899485.058329,1.0
1774899485.0763652,1.0
1774899485.0944183,1.0
1774899485.1124558,1.0
1774899485.1304195,1.0
1774899485.1484048,1.0
1774899485.166351,1.0
1774899485.1862495,1.0
1774899485.204234,1.0
1774899485.2223969,1.0
1774899485.2404504,1.0
1774899485.2586699,1.0
1774899485.276714,1.0
1774899485.294788,1.0
1774899485.3128679,1.0
1774899485.3314793,1.0
1774899485.3495448,1.0
1774899485.367615,1.0
1774899485.3855784,1.0
1774899485.4038074,1.0
1774899485.4219418,1.0
1774899485.4399378,1.0
1774899485.4580448,1.0
1774899485.4759943,1.0
1774899485.4942155,1.0
1774899485.5122025,1.0
1774899485.5305216,1.0
1774899485.548557,1.0
1774899485.5667837,1.0
1774899485.5847263,1.0
1774899485.602816,1.0
1774899485.6207538,1.0
1774899485.6388087,1.0
1774899485.656941,1.0
1774899485.6749089,1.0
1774899485.692998,1.0
1774899485.7109473,1.0
1774899485.729006,1.0
1774899485.7469718,1.0
1774899485.7649288,1.0
1774899485.7830238,1.0
1774899485.801147,1.0
1774899485.8191211,1.0
1774899485.83717,1.0
1774899485.8551126,1.0
1774899485.8731694,1.0
1774899485.8911722,1.0
1774899485.9092195,1.0
1774899485.927227,1.0
1774899485.9452384,1.0
1774899485.9632053,1.0
1774899485.9812033,1.0
1774899485.999273,1.0
1774899486.0172768,1.0
1774899486.0352635,1.0
1774899486.0533144,1.0
1774899486.071462,1.0
1774899486.0895112,1.0
1774899486.1076112,1.0
1774899486.125601,1.0
1774899486.143577,1.0
1774899486.161833,1.0
1774899486.180769,1.0
1774899486.1987896,1.0
1774899486.2171714,1.0
1774899486.2351165,1.0
1774899486.2531662,1.0
1774899486.2712815,1.0
1774899486.289531,1.0
1774899486.307573,1.0
1774899486.3257804,1.0
1774899486.343782,1.0
1774899486.361781,1.0
1774899486.3797374,1.0
1774899486.3978083,1.0
1774899486.4159367,1.0
1774899486.43398,1.0
1774899486.452022,1.0
1774899486.4700792,1.0
1774899486.4880328,1.0
1774899486.5060055,1.0
1774899486.5242832,1.0
1774899486.5422318,1.0
1774899486.5602238,1.0
1774899486.5782607,1.0
1774899486.5962327,1.0
1774899486.6142554,1.0
1774899486.6323268,1.0
1774899486.650324,1.0
1774899486.6683083,1.0
1774899486.6864026,1.0
1774899486.7045195,1.0
1774899486.7224848,1.0
1774899486.7405086,1.0
1774899486.7586212,1.0
1774899486.7765777,1.0
1774899486.7946289,1.0
1774899486.8126395,1.0
1774899486.8309968,1.0
1774899486.848968,1.0
1774899486.867039,1.0
1774899486.8851926,1.0
1774899486.9032278,1.0
1774899486.9211812,1.0
1774899486.9391394,1.0
1774899486.957177,1.0
1774899486.9751852,1.0
1774899486.9931324,1.0
1774899487.0111706,1.0
1774899487.0292556,1.0
1774899487.0473537,1.0
1774899487.065463,1.0
1774899487.0834284,1.0
1774899487.101465,1.0
1774899487.1194806,1.0
1774899487.1374657,1.0
1774899487.1556396,1.0
1774899487.1737893,1.0
1774899487.193333,1.0
1774899487.211341,1.0
1774899487.229401,1.0
1774899487.24746,1.0
1774899487.2655137,1.0
1774899487.2835453,1.0
1774899487.3018372,1.0
1774899487.3201547,1.0
1774899487.3382235,1.0
1774899487.3563228,1.0
1774899487.3743849,1.0
1774899487.3923903,1.0
1774899487.4106452,1.0
1774899487.4286368,1.0
1774899487.4468157,1.0
1774899487.4648454,1.0
1774899487.4829338,1.0
1774899487.5010436,1.0
1774899487.5190315,1.0
1774899487.5371032,1.0
1774899487.555118,1.0
1774899487.5733092,1.0
1774899487.5912855,1.0
1774899487.6092644,1.0
1774899487.627354,1.0
1774899487.645324,1.0
1774899487.6633341,1.0
1774899487.6814287,1.0
1774899487.6994867,1.0
1774899487.7174568,1.0
1774899487.735543,1.0
1774899487.7536986,1.0
1774899487.7716649,1.0
1774899487.789747,1.0
1774899487.8077214,1.0
1774899487.8260849,1.0
1774899487.844053,1.0
1774899487.8620675,1.0
1774899487.8801227,1.0
1774899487.8981197,1.0
1774899487.916171,1.0
1774899487.9343169,1.0
1774899487.9524014,1.0
1774899487.970606,1.0
1774899487.9886212,1.0
1774899488.0066786,1.0
1774899488.0246427,1.0
1774899488.042617,1.0
1774899488.060652,1.0
1774899488.078823,1.0
1774899488.0968502,1.0
1774899488.1148283,1.0
1774899488.1329262,1.0
1774899488.150953,1.0
1774899488.1689825,1.0
1774899488.188172,1.0
1774899488.2062507,1.0
1774899488.2244322,1.0
1774899488.2424414,1.0
1774899488.2607284,1.0
1774899488.2787216,1.0
1774899488.296879,1.0
1774899488.3148842,1.0
1774899488.333322,1.0
1774899488.351307,1.0
1774899488.3694067,1.0
1774899488.3874345,1.0
1774899488.4055412,1.0
1774899488.4234912,1.0
1774899488.4415464,1.0
1774899488.4595582,1.0
1774899488.4775863,1.0
1774899488.4958007,1.0
1774899488.513761,1.0
1774899488.53185,1.0
1774899488.5498526,1.0
1774899488.567911,1.0
1774899488.5858896,1.0
1774899488.603975,1.0
1774899488.6219456,1.0
1774899488.6399472,1.0
1774899488.6580591,1.0
1774899488.6760745,1.0
1774899488.6940732,1.0
1774899488.7120442,1.0
1774899488.730146,1.0
1774899488.7480896,1.0
1774899488.7661023,1.0
1774899488.7843406,1.0
1774899488.8023193,1.0
1774899488.8203716,1.0
1774899488.8384688,1.0
1774899488.85648,1.0
1774899488.87449,1.0
1774899488.8924797,1.0
1774899488.910432,1.0
1774899488.9284294,1.0
1774899488.9464154,1.0
1774899488.9644597,1.0
1774899488.9824905,1.0
1774899489.0004416,1.0
1774899489.0184424,1.0
1774899489.0365033,1.0
1774899489.0544574,1.0
1774899489.072534,1.0
1774899489.0905302,1.0
1774899489.1084974,1.0
1774899489.126542,1.0
1774899489.1445084,1.0
1774899489.1628256,1.0
1774899489.1814046,1.0
1774899489.1997638,1.0
1774899489.217945,1.0
1774899489.2359319,1.0
1774899489.2542553,1.0
1774899489.2722375,1.0
1774899489.2903655,1.0
1774899489.3083866,1.0
1774899489.3269992,1.0
1774899489.3450472,1.0
1774899489.363019,1.0
1774899489.381108,1.0
1774899489.3992689,1.0
1774899489.417207,1.0
1774899489.4352157,1.0
1774899489.4534254,1.0
1774899489.4714382,1.0
1774899489.48955,1.0
1774899489.5076199,1.0
1774899489.5257387,1.0
1774899489.5436678,1.0
1774899489.561968,1.0
1774899489.5799873,1.0
1774899489.598012,1.0
1774899489.6163714,1.0
1774899489.6343124,1.0
1774899489.6523547,1.0
1774899489.6703987,1.0
1774899489.6883748,1.0
1774899489.7064884,1.0
1774899489.7244368,1.0
1774899489.7424893,1.0
1774899489.7605972,1.0
1774899489.7786255,1.0
1774899489.7966075,1.0
1774899489.8147278,1.0
1774899489.8328896,1.0
1774899489.8508341,1.0
1774899489.8688164,1.0
1774899489.8869162,1.0
1774899489.9049373,1.0
1774899489.9229088,1.0
1774899489.9409206,1.0
1774899489.9588952,1.0
1774899489.9768631,1.0
1774899489.9950252,1.0
1774899490.0129747,1.0
1774899490.0309973,1.0
1774899490.049164,1.0
1774899490.0670962,1.0
1774899490.0850682,1.0
1774899490.1031215,1.0
1774899490.1212134,1.0
1774899490.1392877,1.0
1774899490.1572387,1.0
1774899490.175311,1.0
1774899490.194446,1.0
1774899490.2126513,1.0
1774899490.2306416,1.0
1774899490.2486823,1.0
1774899490.266698,1.0
1774899490.28501,1.0
1774899490.302951,1.0
1774899490.3210843,1.0
1774899490.3392105,1.0
1774899490.3573217,1.0
1774899490.3753061,1.0
1774899490.3932765,1.0
1774899490.4115198,1.0
1774899490.4294827,1.0
1774899490.4476328,1.0
1774899490.4658453,1.0
1774899490.4839377,1.0
1774899490.5021613,1.0
1774899490.520298,1.0
1774899490.5382845,1.0
1774899490.5563881,1.0
1774899490.5744686,1.0
1774899490.5926285,1.0
1774899490.6106575,1.0
1774899490.628737,1.0
1774899490.6467495,1.0
1774899490.6647072,1.0
1774899490.6827862,1.0
1774899490.7008455,1.0
1774899490.7187986,1.0
1774899490.7368453,1.0
1774899490.7547965,1.0
1774899490.7727435,1.0
1774899490.7908044,1.0
1774899490.8087888,1.0
1774899490.827083,1.0
1774899490.8451347,1.0
1774899490.863105,1.0
1774899490.8811736,1.0
1774899490.899181,1.0
1774899490.9172833,1.0
1774899490.9353502,1.0
1774899490.9533343,1.0
1774899490.9713843,1.0
1774899490.9893353,1.0
1774899491.0073285,1.0
1774899491.025368,1.0
1774899491.0433476,1.0
1774899491.0614429,1.0
1774899491.079516,1.0
1774899491.0975988,1.0
1774899491.1156201,1.0
1774899491.1337175,1.0
1774899491.1517758,1.0
1774899491.1700547,1.0
1774899491.1894813,1.0
1774899491.2076392,1.0
1774899491.225708,1.0
1774899491.2439034,1.0
1774899491.261982,1.0
1774899491.2800694,1.0
1774899491.2980838,1.0
1774899491.3161383,1.0
1774899491.3346353,1.0
1774899491.352645,1.0
1774899491.3707001,1.0
1774899491.3887541,1.0
1774899491.4069436,1.0
1774899491.4249892,1.0
1774899491.4431057,1.0
1774899491.4611309,1.0
1774899491.4792047,1.0
1774899491.497335,1.0
1774899491.515519,1.0
1774899491.5335376,1.0
1774899491.551589,1.0
1774899491.569722,1.0
1774899491.5877733,1.0
1774899491.6057615,1.0
1774899491.6237442,1.0
1774899491.6417987,1.0
1774899491.6603255,1.0
1774899491.678368,1.0
1774899491.6964571,1.0
1774899491.7145522,1.0
1774899491.7325308,1.0
1774899491.750567,1.0
1774899491.768533,1.0
1774899491.786486,1.0
1774899491.804461,1.0
1774899491.8225129,1.0
1774899491.8405836,1.0
1774899491.8587115,1.0
1774899491.8766704,1.0
1774899491.8946373,1.0
1774899491.9127693,1.0
1774899491.9307778,1.0
1774899491.948821,1.0
1774899491.9667838,1.0
1774899491.9847434,1.0
1774899492.0027268,1.0
1774899492.020798,1.0
1774899492.0388212,1.0
1774899492.0568469,1.0
1774899492.0747755,1.0
1774899492.0928326,1.0
1774899492.1108928,1.0
1774899492.1290717,1.0
1774899492.147104,1.0
1774899492.1651738,1.0
1774899492.1839592,1.0
1774899492.2023919,1.0
1774899492.2204936,1.0
1774899492.2386258,1.0
1774899492.2568803,1.0
1774899492.2748544,1.0
1774899492.2929323,1.0
1774899492.3124213,1.0
1774899492.3308456,1.0
1774899492.348755,1.0
1774899492.3669345,1.0
1774899492.3849227,1.0
1774899492.4031885,1.0
1774899492.4212523,1.0
1774899492.4392588,1.0
1774899492.4572825,1.0
1774899492.4752755,1.0
1774899492.4933932,1.0
1774899492.5113716,1.0
1774899492.5293999,1.0
1774899492.547365,1.0
1774899492.5653775,1.0
1774899492.583405,1.0
1774899492.6013594,1.0
1774899492.6193218,1.0
1774899492.637354,1.0
1774899492.65534,1.0
1774899492.6734421,1.0
1774899492.6916788,1.0
1774899492.7097101,1.0
1774899492.727776,1.0
1774899492.7457788,1.0
1774899492.7639103,1.0
1774899492.781897,1.0
1774899492.7999568,1.0
1774899492.8181095,1.0
1774899492.8364968,1.0
1774899492.8546364,1.0
1774899492.872774,1.0
1774899492.8908226,1.0
1774899492.9091172,1.0
1774899492.9271772,1.0
1774899492.9452357,1.0
1774899492.9633482,1.0
1774899492.981361,1.0
1774899492.9995112,1.0
1774899493.01754,1.0
1774899493.0355902,1.0
1774899493.0536714,1.0
1774899493.0717132,1.0
1774899493.0898812,1.0
1774899493.108112,1.0
1774899493.126207,1.0
1774899493.1442742,1.0
1774899493.1624775,1.0
1774899493.1809893,1.0
1774899493.2186613,1.0
1774899493.2365646,1.0
1774899493.254949,1.0
1774899493.2729306,1.0
1774899493.2912514,1.0
1774899493.309368,1.0
1774899493.3275533,1.0
1774899493.3456397,1.0
1774899493.3640735,1.0
1774899493.3820786,1.0
1774899493.400098,1.0
1774899493.4181986,1.0
1774899493.4362946,1.0
1774899493.4542928,1.0
1774899493.4723687,1.0
1774899493.490445,1.0
1774899493.5085063,1.0
1774899493.5265303,1.0
1774899493.54454,1.0
1774899493.5625834,1.0
1774899493.5805545,1.0
1774899493.5986538,1.0
1774899493.6166658,1.0
1774899493.6346602,1.0
1774899493.6527617,1.0
1774899493.670825,1.0
1774899493.688868,1.0
1774899493.7069092,1.0
1774899493.7253416,1.0
1774899493.7434776,1.0
1774899493.7619147,1.0
1774899493.7800615,1.0
1774899493.7982013,1.0
1774899493.816343,1.0
1774899493.8348024,1.0
1774899493.8530495,1.0
1774899493.8711557,1.0
1774899493.889174,1.0
1774899493.9073117,1.0
1774899493.925357,1.0
1774899493.9434557,1.0
1774899493.9617014,1.0
1774899493.9797342,1.0
1774899493.997859,1.0
1774899494.0159059,1.0
1774899494.033907,1.0
1774899494.052027,1.0
1774899494.070179,1.0
1774899494.0882196,1.0
1774899494.1064863,1.0
1774899494.124494,1.0
1774899494.1425219,1.0
1774899494.1606927,1.0
1774899494.179013,1.0
1774899494.1982756,1.0
1774899494.2166755,1.0
1774899494.2347069,1.0
1774899494.2530656,1.0
1774899494.2712214,1.0
1774899494.289449,1.0
1774899494.3075173,1.0
1774899494.3259597,1.0
1774899494.344115,1.0
1774899494.3622503,1.0
1774899494.3802888,1.0
1774899494.3983583,1.0
1774899494.4166787,1.0
1774899494.4347205,1.0
1774899494.452757,1.0
1774899494.4708295,1.0
1774899494.489038,1.0
1774899494.5071487,1.0
1774899494.525193,1.0
1774899494.54336,1.0
1774899494.5614412,1.0
1774899494.5796316,1.0
1774899494.597689,1.0
1774899494.6157007,1.0
1774899494.633782,1.0
1774899494.6518476,1.0
1774899494.670013,1.0
1774899494.688117,1.0
1774899494.706181,1.0
1774899494.7242281,1.0
1774899494.7422974,1.0
1774899494.760289,1.0
1774899494.7782166,1.0
1774899494.7962916,1.0
1774899494.814226,1.0
1774899494.832389,1.0
1774899494.850309,1.0
1774899494.8682609,1.0
1774899494.886284,1.0
1774899494.9043543,1.0
1774899494.9224093,1.0
1774899494.9403405,1.0
1774899494.958396,1.0
1774899494.9764674,1.0
1774899494.9944987,1.0
1774899495.0125225,1.0
1774899495.0305283,1.0
1774899495.0484517,1.0
1774899495.066494,1.0
1774899495.0845346,1.0
1774899495.1025357,1.0
1774899495.1206396,1.0
1774899495.1387093,1.0
1774899495.1568727,1.0
1774899495.1748123,1.0
1774899495.1941917,1.0
1774899495.2122843,1.0
1774899495.2302613,1.0
1774899495.2482288,1.0
1774899495.2661686,1.0
1774899495.284237,1.0
1774899495.3021858,1.0
1774899495.3202276,1.0
1774899495.3384378,1.0
1774899495.356388,1.0
1774899495.3744552,1.0
1774899495.3924394,1.0
1774899495.4106529,1.0
1774899495.4286146,1.0
1774899495.4467869,1.0
1774899495.4647963,1.0
1774899495.4828548,1.0
1774899495.501058,1.0
1774899495.519069,1.0
1774899495.53709,1.0
1774899495.5550556,1.0
1774899495.573147,1.0
1774899495.5911,1.0
1774899495.6090496,1.0
1774899495.6272564,1.0
1774899495.6453202,1.0
1774899495.6632695,1.0
1774899495.681287,1.0
1774899495.699291,1.0
1774899495.717314,1.0
1774899495.7352052,1.0
1774899495.7531478,1.0
1774899495.7715135,1.0
1774899495.7896066,1.0
1774899495.807546,1.0
1774899495.8257256,1.0
1774899495.843666,1.0
1774899495.8616912,1.0
1774899495.8796124,1.0
1774899495.8975613,1.0
1774899495.9156237,1.0
1774899495.9335933,1.0
1774899495.951551,1.0
1774899495.969932,1.0
1774899495.9878318,1.0
1774899496.0057502,1.0
1774899496.0236995,1.0
1774899496.0418491,1.0
1774899496.0598588,1.0
1774899496.0778828,1.0
1774899496.0959053,1.0
1774899496.1140578,1.0
1774899496.1320171,1.0
1774899496.1500533,1.0
1774899496.1680017,1.0
1774899496.1869943,1.0
1774899496.2054338,1.0
1774899496.2236834,1.0
1774899496.241647,1.0
1774899496.2596986,1.0
1774899496.2777507,1.0
1774899496.295763,1.0
1774899496.3137476,1.0
1774899496.3321524,1.0
1774899496.3502872,1.0
1774899496.3682828,1.0
1774899496.3862357,1.0
1774899496.4043624,1.0
1774899496.4223452,1.0
1774899496.4403179,1.0
1774899496.4583695,1.0
1774899496.4763732,1.0
1774899496.4943707,1.0
1774899496.5125334,1.0
1774899496.5305803,1.0
1774899496.548702,1.0
1774899496.5666952,1.0
1774899496.584689,1.0
1774899496.6027482,1.0
1774899496.6207047,1.0
1774899496.6388652,1.0
1774899496.6568062,1.0
1774899496.6748085,1.0
1774899496.6929424,1.0
1774899496.7110467,1.0
1774899496.7291048,1.0
1774899496.7471342,1.0
1774899496.765286,1.0
1774899496.783284,1.0
1774899496.8013692,1.0
1774899496.8193405,1.0
1774899496.8375297,1.0
1774899496.8555238,1.0
1774899496.8736424,1.0
1774899496.8916945,1.0
1774899496.9097426,1.0
1774899496.9278376,1.0
1774899496.9459844,1.0
1774899496.9640346,1.0
1774899496.9820871,1.0
1774899497.0001278,1.0
1774899497.0181553,1.0
1774899497.036145,1.0
1774899497.054173,1.0
1774899497.0723472,1.0
1774899497.0904377,1.0
1774899497.1084447,1.0
1774899497.1264899,1.0
1774899497.1446695,1.0
1774899497.1627185,1.0
1774899497.1812868,1.0
1774899497.1995776,1.0
1774899497.2177646,1.0
1774899497.2357693,1.0
1774899497.2538798,1.0
1774899497.2718947,1.0
1774899497.2900047,1.0
1774899497.3080266,1.0
1774899497.326127,1.0
1774899497.344312,1.0
1774899497.3624349,1.0
1774899497.3804643,1.0
1774899497.3984323,1.0
1774899497.4167097,1.0
1774899497.4348052,1.0
1774899497.4528134,1.0
1774899497.4709437,1.0
1774899497.4889417,1.0
1774899497.5070655,1.0
1774899497.5252662,1.0
1774899497.543299,1.0
1774899497.5612388,1.0
1774899497.5793602,1.0
1774899497.5974584,1.0
1774899497.6155767,1.0
1774899497.6335754,1.0
1774899497.6516333,1.0
1774899497.669617,1.0
1774899497.687631,1.0
1774899497.705662,1.0
1774899497.7237494,1.0
1774899497.741722,1.0
1774899497.759793,1.0
1774899497.777918,1.0
1774899497.7959466,1.0
1774899497.8145328,1.0
1774899497.832676,1.0
1774899497.8506677,1.0
1774899497.8688524,1.0
1774899497.8868868,1.0
1774899497.9050138,1.0
1774899497.9230392,1.0
1774899497.9411216,1.0
1774899497.9591544,1.0
1774899497.977251,1.0
1774899497.9953089,1.0
1774899498.0133765,1.0
1774899498.0314598,1.0
1774899498.0495374,1.0
1774899498.067671,1.0
1774899498.0857685,1.0
1774899498.1038694,1.0
1774899498.1220894,1.0
1774899498.1401632,1.0
1774899498.1583056,1.0
1774899498.1763659,1.0
1774899498.1956892,1.0
1774899498.2141857,1.0
1774899498.2321756,1.0
1774899498.2506535,1.0
1774899498.268624,1.0
1774899498.28681,1.0
1774899498.304986,1.0
1774899498.3231604,1.0
1774899498.3414142,1.0
1774899498.3593771,1.0
1774899498.377516,1.0
1774899498.3957388,1.0
1774899498.4303026,1.0
1774899498.4481118,1.0
1774899498.466281,1.0
1774899498.4843807,1.0
1774899498.5024862,1.0
1774899498.5205977,1.0
1774899498.5386791,1.0
1774899498.5567799,1.0
1774899498.574772,1.0
1774899498.5929534,1.0
1774899498.6110857,1.0
1774899498.6291845,1.0
1774899498.647196,1.0
1774899498.6652198,1.0
1774899498.683235,1.0
1774899498.701215,1.0
1774899498.7192652,1.0
1774899498.7373018,1.0
1774899498.7552881,1.0
1774899498.7733572,1.0
1774899498.7913258,1.0
1774899498.8092937,1.0
1774899498.8275867,1.0
1774899498.845598,1.0
1774899498.8636563,1.0
1774899498.8817227,1.0
1774899498.899724,1.0
1774899498.917755,1.0
1774899498.9359107,1.0
1774899498.9539232,1.0
1774899498.9719937,1.0
1774899498.9899633,1.0
1774899499.0080743,1.0
1774899499.026132,1.0
1774899499.0442054,1.0
1774899499.0621755,1.0
1774899499.0802717,1.0
1774899499.0982354,1.0
1774899499.116234,1.0
1774899499.1343102,1.0
1774899499.152304,1.0
1774899499.1703131,1.0
1774899499.1899123,1.0
1774899499.2079268,1.0
1774899499.2260654,1.0
1774899499.2440784,1.0
1774899499.2622092,1.0
1774899499.2802317,1.0
1774899499.2983108,1.0
1774899499.3164792,1.0
1774899499.3351686,1.0
1774899499.3532512,1.0
1774899499.3713043,1.0
1774899499.3894145,1.0
1774899499.4076269,1.0
1774899499.425618,1.0
1774899499.443749,1.0
1774899499.4618576,1.0
1774899499.4798906,1.0
1774899499.4979959,1.0
1774899499.516038,1.0
1774899499.534053,1.0
1774899499.5521708,1.0
1774899499.57034,1.0
1774899499.58839,1.0
1774899499.6063967,1.0
1774899499.6243706,1.0
1774899499.6424453,1.0
1774899499.6604545,1.0
1774899499.678706,1.0
1774899499.6967185,1.0
1774899499.7147071,1.0
1774899499.7327318,1.0
1774899499.7507703,1.0
1774899499.7687016,1.0
1774899499.7866676,1.0
1774899499.8047276,1.0
1774899499.8227637,1.0
1774899499.8411326,1.0
1774899499.8593383,1.0
1774899499.8773057,1.0
1774899499.895255,1.0
1774899499.9131997,1.0
1774899499.9312952,1.0
1774899499.9494429,1.0
1774899499.9673662,1.0
1774899499.9853442,1.0
1774899500.0033092,1.0
1774899500.0213375,1.0
1774899500.0393035,1.0
1774899500.0573342,1.0
1774899500.0753691,1.0
1774899500.0933757,1.0
1774899500.1113367,1.0
1774899500.1294007,1.0
1774899500.1473494,1.0
1774899500.1652968,1.0
1774899500.1844149,1.0
1774899500.202413,1.0
1774899500.2206173,1.0
1774899500.2385745,1.0
1774899500.256811,1.0
1774899500.2747474,1.0
1774899500.2928529,1.0
1774899500.3109856,1.0
1774899500.3290577,1.0
1774899500.3472772,1.0
1774899500.3652296,1.0
1774899500.383197,1.0
1774899500.4013495,1.0
1774899500.4195476,1.0
1774899500.4375,1.0
1774899500.455541,1.0
1774899500.4736013,1.0
1774899500.4919126,1.0
1774899500.5098808,1.0
1774899500.527851,1.0
1774899500.5459118,1.0
1774899500.563853,1.0
1774899500.5818136,1.0
1774899500.5998616,1.0
1774899500.6343207,1.0
1774899500.6521227,1.0
1774899500.6701775,1.0
1774899500.6882176,1.0
1774899500.7062554,1.0
1774899500.7244716,1.0
1774899500.7424264,1.0
1774899500.7604957,1.0
1774899500.7784529,1.0
1774899500.7966418,1.0
1774899500.8145978,1.0
1774899500.8326502,1.0
1774899500.8506646,1.0
1774899500.868733,1.0
1774899500.8867111,1.0
1774899500.9047585,1.0
1774899500.9228504,1.0
1774899500.9408648,1.0
1774899500.9589725,1.0
1774899500.9771733,1.0
1774899500.995179,1.0
1774899501.0131826,1.0
1774899501.031269,1.0
1774899501.0492175,1.0
1774899501.0673802,1.0
1774899501.0853631,1.0
1774899501.1033561,1.0
1774899501.121381,1.0
1774899501.1393647,1.0
1774899501.1574068,1.0
1774899501.175356,1.0
1774899501.194484,1.0
1774899501.2130806,1.0
1774899501.2311103,1.0
1774899501.2494478,1.0
1774899501.2674506,1.0
1774899501.2858293,1.0
1774899501.303834,1.0
1774899501.321955,1.0
1774899501.3402185,1.0
1774899501.3583188,1.0
1774899501.3764296,1.0
1774899501.3944793,1.0
1774899501.4127076,1.0
1774899501.4307387,1.0
1774899501.4488826,1.0
1774899501.466934,1.0
1774899501.4850485,1.0
1774899501.5036404,1.0
1774899501.521707,1.0
1774899501.5398126,1.0
1774899501.557871,1.0
1774899501.5759249,1.0
1774899501.5939987,1.0
1774899501.61204,1.0
1774899501.6301003,1.0
1774899501.6481872,1.0
1774899501.6662805,1.0
1774899501.6844594,1.0
1774899501.702563,1.0
1774899501.7206643,1.0
1774899501.738712,1.0
1774899501.756767,1.0
1774899501.774865,1.0
1774899501.7929704,1.0
1774899501.811105,1.0
1774899501.829534,1.0
1774899501.8475804,1.0
1774899501.8656836,1.0
1774899501.8837454,1.0
1774899501.9020984,1.0
1774899501.9202516,1.0
1774899501.9383068,1.0
1774899501.956356,1.0
1774899501.9744737,1.0
1774899501.992548,1.0
1774899502.0106726,1.0
1774899502.0287728,1.0
1774899502.0467894,1.0
1774899502.0648546,1.0
1774899502.082999,1.0
1774899502.1010923,1.0
1774899502.119163,1.0
1774899502.13725,1.0
1774899502.1553013,1.0
1774899502.173378,1.0
1774899502.1929164,1.0
1774899502.2111752,1.0
1774899502.2292578,1.0
1774899502.2475276,1.0
1774899502.2655268,1.0
1774899502.2838743,1.0
1774899502.301874,1.0
1774899502.3198993,1.0
1774899502.3384664,1.0
1774899502.3566449,1.0
1774899502.3747365,1.0
1774899502.3928368,1.0
1774899502.4110525,1.0
1774899502.4291403,1.0
1774899502.4545135,1.0
1774899502.472891,1.0
1774899502.4910269,1.0
1774899502.5091653,1.0
1774899502.5273795,1.0
1774899502.5455034,1.0
1774899502.5637617,1.0
1774899502.581888,1.0
1774899502.6001568,1.0
1774899502.618303,1.0
1774899502.6364202,1.0
1774899502.654617,1.0
1774899502.6727326,1.0
1774899502.6908498,1.0
1774899502.7089186,1.0
1774899502.7270105,1.0
1774899502.7451227,1.0
1774899502.7633123,1.0
1774899502.7814083,1.0
1774899502.7994678,1.0
1774899502.8176806,1.0
1774899502.8358521,1.0
1774899502.853907,1.0
1774899502.8721213,1.0
1774899502.8901887,1.0
1774899502.9083118,1.0
1774899502.926556,1.0
1774899502.9446435,1.0
1774899502.9627347,1.0
1774899502.9807882,1.0
1774899502.9988775,1.0
1774899503.0169232,1.0
1774899503.0349863,1.0
1774899503.0530832,1.0
1774899503.0711176,1.0
1774899503.0891237,1.0
1774899503.1072063,1.0
1774899503.125418,1.0
1774899503.1434627,1.0
1774899503.1617987,1.0
1774899503.1812067,1.0
1774899503.1993642,1.0
1774899503.2176752,1.0
1774899503.2356904,1.0
1774899503.253792,1.0
1774899503.2718654,1.0
1774899503.290236,1.0
1774899503.308277,1.0
1774899503.326356,1.0
1774899503.3446057,1.0
1774899503.3626688,1.0
1774899503.3807414,1.0
1774899503.3991332,1.0
1774899503.4182334,1.0
1774899503.43632,1.0
1774899503.4543774,1.0
1774899503.4724612,1.0
1774899503.4970932,1.0
1774899503.5152147,1.0
1774899503.53329,1.0
1774899503.5513344,1.0
1774899503.5694036,1.0
1774899503.5875328,1.0
1774899503.6055903,1.0
1774899503.6237156,1.0
1774899503.6417437,1.0
1774899503.6598854,1.0
1774899503.6779747,1.0
1774899503.6961026,1.0
1774899503.7141337,1.0
1774899503.7322392,1.0
1774899503.758549,1.0
1774899503.7766955,1.0
1774899503.7949784,1.0
1774899503.8132129,1.0
1774899503.8314943,1.0
1774899503.8496647,1.0
1774899503.8677437,1.0
1774899503.8858397,1.0
1774899503.903927,1.0
1774899503.9219952,1.0
1774899503.9400737,1.0
1774899503.9586883,1.0
1774899503.9768095,1.0
1774899503.9948502,1.0
1774899504.013089,1.0
1774899504.0311172,1.0
1774899504.0492153,1.0
1774899504.0673103,1.0
1774899504.085384,1.0
1774899504.1034493,1.0
1774899504.1214957,1.0
1774899504.139619,1.0
1774899504.1577086,1.0
1774899504.1759152,1.0
1774899504.195622,1.0
1774899504.2139397,1.0
1774899504.2320504,1.0
1774899504.2506208,1.0
1774899504.2686148,1.0
1774899504.28698,1.0
1774899504.3049538,1.0
1774899504.323079,1.0
1774899504.3413303,1.0
1774899504.3593192,1.0
1774899504.3773673,1.0
1774899504.3955252,1.0
1774899504.4136815,1.0
1774899504.4319904,1.0
1774899504.4500797,1.0
1774899504.468163,1.0
1774899504.486283,1.0
1774899504.5043461,1.0
1774899504.5224874,1.0
1774899504.5407066,1.0
1774899504.558799,1.0
1774899504.577148,1.0
1774899504.5952387,1.0
1774899504.6133466,1.0
1774899504.6314344,1.0
1774899504.649551,1.0
1774899504.6676345,1.0
1774899504.6857827,1.0
1774899504.7038631,1.0
1774899504.722023,1.0
1774899504.740117,1.0
1774899504.7582114,1.0
1774899504.7763426,1.0
1774899504.7943263,1.0
1774899504.8124278,1.0
1774899504.8307116,1.0
1774899504.8489034,1.0
1774899504.866977,1.0
1774899504.8850055,1.0
1774899504.9031441,1.0
1774899504.92114,1.0
1774899504.9392018,1.0
1774899504.957194,1.0
1774899504.975259,1.0
1774899504.993269,1.0
1774899505.0112906,1.0
1774899505.0293865,1.0
1774899505.0475075,1.0
1774899505.0655968,1.0
1774899505.083673,1.0
1774899505.1017272,1.0
1774899505.1197276,1.0
1774899505.1378112,1.0
1774899505.1558528,1.0
1774899505.1739583,1.0
1774899505.193467,1.0
1774899505.2118483,1.0
1774899505.2298026,1.0
1774899505.2481165,1.0
1774899505.2660577,1.0
1774899505.28434,1.0
1774899505.3023107,1.0
1774899505.3203971,1.0
1774899505.3389482,1.0
1774899505.3571298,1.0
1774899505.3753166,1.0
1774899505.393305,1.0
1774899505.4114597,1.0
1774899505.4294715,1.0
1774899505.4476407,1.0
1774899505.465733,1.0
1774899505.4838495,1.0
1774899505.5019917,1.0
1774899505.5203505,1.0
1774899505.5383482,1.0
1774899505.556527,1.0
1774899505.5745764,1.0
1774899505.5926118,1.0
1774899505.6106958,1.0
1774899505.6287518,1.0
1774899505.646783,1.0
1774899505.6648576,1.0
1774899505.6829677,1.0
1774899505.7010927,1.0
1774899505.7190986,1.0
1774899505.7372015,1.0
1774899505.755226,1.0
1774899505.7732167,1.0
1774899505.7912962,1.0
1774899505.8095658,1.0
1774899505.8277454,1.0
1774899505.8460011,1.0
1774899505.8640068,1.0
1774899505.8819883,1.0
1774899505.9000895,1.0
1774899505.9181185,1.0
1774899505.9361944,1.0
1774899505.9542024,1.0
1774899505.97227,1.0
1774899505.990301,1.0
1774899506.0086246,1.0
1774899506.0266979,1.0
1774899506.0447035,1.0
1774899506.0630736,1.0
1774899506.0810754,1.0
1774899506.0991254,1.0
1774899506.117219,1.0
1774899506.135391,1.0
1774899506.1534748,1.0
1774899506.1717486,1.0
1774899506.1915362,1.0
1774899506.2095857,1.0
1774899506.2277122,1.0
1774899506.2458105,1.0
1774899506.263978,1.0
1774899506.2821558,1.0
1774899506.3002539,1.0
1774899506.3183594,1.0
1774899506.3366957,1.0
1774899506.3546677,1.0
1774899506.3728964,1.0
1774899506.3910525,1.0
1774899506.4091783,1.0
1774899506.4275835,1.0
1774899506.4458814,1.0
1774899506.464048,1.0
1774899506.4821935,1.0
1774899506.5003793,1.0
1774899506.518492,1.0
1774899506.5367749,1.0
1774899506.554973,1.0
1774899506.5731452,1.0
1774899506.5912871,1.0
1774899506.6094189,1.0
1774899506.6275337,1.0
1774899506.6458511,1.0
1774899506.6639357,1.0
1774899506.682163,1.0
1774899506.70035,1.0
1774899506.7184913,1.0
1774899506.7366936,1.0
1774899506.7548635,1.0
1774899506.7730856,1.0
1774899506.7912126,1.0
1774899506.8093357,1.0
1774899506.8277256,1.0
1774899506.8458872,1.0
1774899506.8640335,1.0
1774899506.8822029,1.0
1774899506.9003532,1.0
1774899506.9184668,1.0
1774899506.9365852,1.0
1774899506.9548318,1.0
1774899506.9729595,1.0
1774899506.9911745,1.0
1774899507.0092807,1.0
1774899507.0274212,1.0
1774899507.0455825,1.0
1774899507.0637696,1.0
1774899507.081864,1.0
1774899507.1001747,1.0
1774899507.11831,1.0
1774899507.1364543,1.0
1774899507.1546597,1.0
1774899507.1727943,1.0
1774899507.1924374,1.0
1774899507.2106378,1.0
1774899507.228978,1.0
1774899507.2473621,1.0
1774899507.2654228,1.0
1774899507.2837563,1.0
1774899507.3017702,1.0
1774899507.3199582,1.0
1774899507.3383913,1.0
1774899507.3564446,1.0
1774899507.3746207,1.0
1774899507.3929033,1.0
1774899507.4111276,1.0
1774899507.4293232,1.0
1774899507.4474864,1.0
1774899507.4656198,1.0
1774899507.4837916,1.0
1774899507.501926,1.0
1774899507.520132,1.0
1774899507.5383394,1.0
1774899507.5564327,1.0
1774899507.5745704,1.0
1774899507.5927584,1.0
1774899507.6108737,1.0
1774899507.629075,1.0
1774899507.647315,1.0
1774899507.665427,1.0
1774899507.6838052,1.0
1774899507.7021358,1.0
1774899507.7202518,1.0
1774899507.7384052,1.0
1774899507.7565992,1.0
1774899507.7748902,1.0
1774899507.7930672,1.0
1774899507.811263,1.0
1774899507.8295896,1.0
1774899507.8476686,1.0
1774899507.8659425,1.0
1774899507.884076,1.0
1774899507.9022052,1.0
1774899507.920431,1.0
1774899507.9385853,1.0
1774899507.9566891,1.0
1774899507.97483,1.0
1774899507.9929729,1.0
1774899508.0112977,1.0
1774899508.0293844,1.0
1774899508.047739,1.0
1774899508.0659723,1.0
1774899508.0840654,1.0
1774899508.1021893,1.0
1774899508.1204677,1.0
1774899508.1385913,1.0
1774899508.1568203,1.0
1774899508.1749458,1.0
1774899508.1945481,1.0
1774899508.213042,1.0
1774899508.2311118,1.0
1774899508.2496746,1.0
1774899508.267902,1.0
1774899508.2862508,1.0
1774899508.304381,1.0
1774899508.3225267,1.0
1774899508.340968,1.0
1774899508.3590539,1.0
1774899508.3771875,1.0
1774899508.395432,1.0
1774899508.4135678,1.0
1774899508.4317837,1.0
1774899508.449919,1.0
1774899508.46809,1.0
1774899508.4862697,1.0
1774899508.5043912,1.0
1774899508.522535,1.0
1774899508.540721,1.0
1774899508.5589375,1.0
1774899508.5771756,1.0
1774899508.595266,1.0
1774899508.613435,1.0
1774899508.6315842,1.0
1774899508.6497068,1.0
1774899508.6679869,1.0
1774899508.686136,1.0
1774899508.7042534,1.0
1774899508.7224362,1.0
1774899508.7406056,1.0
1774899508.7587142,1.0
1774899508.7769628,1.0
1774899508.795089,1.0
1774899508.8132198,1.0
1774899508.8315444,1.0
1774899508.849815,1.0
1774899508.86795,1.0
1774899508.8861315,1.0
1774899508.9043376,1.0
1774899508.9224637,1.0
1774899508.9407067,1.0
1774899508.9588308,1.0
1774899508.9769294,1.0
1774899508.9951303,1.0
1774899509.0132987,1.0
1774899509.031509,1.0
1774899509.0496984,1.0
1774899509.0678089,1.0
1774899509.0859938,1.0
1774899509.1041205,1.0
1774899509.12224,1.0
1774899509.140522,1.0
1774899509.1586401,1.0
1774899509.1769378,1.0
1774899509.196611,1.0
1774899509.2150702,1.0
1774899509.2332385,1.0
1774899509.2516303,1.0
1774899509.269792,1.0
1774899509.288176,1.0
1774899509.3063595,1.0
1774899509.3244894,1.0
1774899509.3431923,1.0
1774899509.3613925,1.0
1774899509.3795547,1.0
1774899509.3978176,1.0
1774899509.4160511,1.0
1774899509.4342668,1.0
1774899509.4524045,1.0
1774899509.4705617,1.0
1774899509.4887218,1.0
1774899509.507389,1.0
1774899509.5255182,1.0
1774899509.5436678,1.0
1774899509.5618556,1.0
1774899509.5799692,1.0
1774899509.598099,1.0
1774899509.6162634,1.0
1774899509.6344266,1.0
1774899509.6525831,1.0
1774899509.6707637,1.0
1774899509.6889265,1.0
1774899509.7070687,1.0
1774899509.7252362,1.0
1774899509.7433848,1.0
1774899509.7615213,1.0
1774899509.7797022,1.0
1774899509.797891,1.0
1774899509.816003,1.0
1774899509.8343139,1.0
1774899509.8524864,1.0
1774899509.8706217,1.0
1774899509.8887706,1.0
1774899509.9069867,1.0
1774899509.9251127,1.0
1774899509.9433138,1.0
1774899509.9614115,1.0
1774899509.9795163,1.0
1774899509.9978569,1.0
1774899510.0160003,1.0
1774899510.0342374,1.0
1774899510.052407,1.0
1774899510.0705009,1.0
1774899510.0886636,1.0
1774899510.1072576,1.0
1774899510.125393,1.0
1774899510.1436074,1.0
1774899510.161703,1.0
1774899510.1807988,1.0
1774899510.1993573,1.0
1774899510.2177567,1.0
1774899510.2358513,1.0
1774899510.254107,1.0
1774899510.272288,1.0
1774899510.2906256,1.0
1774899510.308714,1.0
1774899510.3268168,1.0
1774899510.3452237,1.0
1774899510.3633397,1.0
1774899510.3814723,1.0
1774899510.3997571,1.0
1774899510.417992,1.0
1774899510.436129,1.0
1774899510.4543145,1.0
1774899510.4724448,1.0
1774899510.4906554,1.0
1774899510.5087726,1.0
1774899510.5270464,1.0
1774899510.5453005,1.0
1774899510.563437,1.0
1774899510.5815666,1.0
1774899510.5997624,1.0
1774899510.6178808,1.0
1774899510.6360228,1.0
1774899510.6541338,1.0
1774899510.6722982,1.0
1774899510.6904724,1.0
1774899510.7086866,1.0
1774899510.7268457,1.0
1774899510.7449777,1.0
1774899510.7630603,1.0
1774899510.7812178,1.0
1774899510.7993317,1.0
1774899510.817443,1.0
1774899510.8359003,1.0
1774899510.8540063,1.0
1774899510.8721461,1.0
1774899510.8903165,1.0
1774899510.9084687,1.0
1774899510.9265697,1.0
1774899510.9446573,1.0
1774899510.962812,1.0
1774899510.9809752,1.0
1774899510.9990666,1.0
1774899511.0171666,1.0
1774899511.0352666,1.0
1774899511.0533695,1.0
1774899511.0715394,1.0
1774899511.0897317,1.0
1774899511.107908,1.0
1774899511.1260722,1.0
1774899511.1443076,1.0
1774899511.1624017,1.0
1774899511.1811094,1.0
1774899511.1998754,1.0
1774899511.218409,1.0
1774899511.2365108,1.0
1774899511.2550528,1.0
1774899511.2731824,1.0
1774899511.2916703,1.0
1774899511.3097956,1.0
1774899511.3279412,1.0
1774899511.3463788,1.0
1774899511.3645105,1.0
1774899511.3826315,1.0
1774899511.4007154,1.0
1774899511.4190557,1.0
1774899511.4372063,1.0
1774899511.4554248,1.0
1774899511.4735396,1.0
1774899511.491701,1.0
1774899511.510067,1.0
1774899511.5282576,1.0
1774899511.546561,1.0
1774899511.5646932,1.0
1774899511.5830266,1.0
1774899511.6011958,1.0
1774899511.6193283,1.0
1774899511.6377203,1.0
1774899511.6558588,1.0
1774899511.674038,1.0
1774899511.6921833,1.0
1774899511.7103848,1.0
1774899511.728562,1.0
1774899511.7466698,1.0
1774899511.764861,1.0
1774899511.7830067,1.0
1774899511.8011725,1.0
1774899511.819296,1.0
1774899511.8377202,1.0
1774899511.8558607,1.0
1774899511.8742063,1.0
1774899511.8923848,1.0
1774899511.9106488,1.0
1774899511.9289634,1.0
1774899511.947215,1.0
1774899511.965364,1.0
1774899511.9835231,1.0
1774899512.0016494,1.0
1774899512.019765,1.0
1774899512.0378952,1.0
1774899512.0559964,1.0
1774899512.0741508,1.0
1774899512.0923173,1.0
1774899512.1104968,1.0
1774899512.1286204,1.0
1774899512.1470435,1.0
1774899512.1651936,1.0
1774899512.1840906,1.0
1774899512.2027059,1.0
1774899512.221013,1.0
1774899512.2391582,1.0
1774899512.2574766,1.0
1774899512.2755866,1.0
1774899512.2938573,1.0
1774899512.3120325,1.0
1774899512.3302352,1.0
1774899512.3485398,1.0
1774899512.3666437,1.0
1774899512.3847742,1.0
1774899512.4029546,1.0
1774899512.4211977,1.0
1774899512.439313,1.0
1774899512.4574766,1.0
1774899512.4755766,1.0
1774899512.4936936,1.0
1774899512.5118222,1.0
1774899512.5299158,1.0
1774899512.5481865,1.0
1774899512.5663977,1.0
1774899512.5845487,1.0
1774899512.6026416,1.0
1774899512.6208186,1.0
1774899512.638961,1.0
1774899512.6571343,1.0
1774899512.6752574,1.0
1774899512.6933932,1.0
1774899512.7114956,1.0
1774899512.7296653,1.0
1774899512.7478378,1.0
1774899512.7659662,1.0
1774899512.784106,1.0
1774899512.8023078,1.0
1774899512.820437,1.0
1774899512.8387835,1.0
1774899512.8568485,1.0
1774899512.8749719,1.0
1774899512.8931758,1.0
1774899512.9113452,1.0
1774899512.9295092,1.0
1774899512.9476213,1.0
1774899512.965822,1.0
1774899512.983881,1.0
1774899513.0020173,1.0
1774899513.0201902,1.0
1774899513.0382705,1.0
1774899513.0564003,1.0
1774899513.074547,1.0
1774899513.092687,1.0
1774899513.1108425,1.0
1774899513.128974,1.0
1774899513.1471202,1.0
1774899513.1652641,1.0
1774899513.184791,1.0
1774899513.2029943,1.0
1774899513.2213688,1.0
1774899513.2397377,1.0
1774899513.2580595,1.0
1774899513.2761765,1.0
1774899513.2945943,1.0
1774899513.3127823,1.0
1774899513.3312604,1.0
1774899513.349511,1.0
1774899513.3677602,1.0
1774899513.385904,1.0
1774899513.4040139,1.0
1774899513.4223707,1.0
1774899513.4404497,1.0
1774899513.4587646,1.0
1774899513.4768825,1.0
1774899513.4949756,1.0
1774899513.5131378,1.0
1774899513.531201,1.0
1774899513.5493865,1.0
1774899513.5674796,1.0
1774899513.5855212,1.0
1774899513.603643,1.0
1774899513.6218467,1.0
1774899513.6400433,1.0
1774899513.6581204,1.0
1774899513.6762908,1.0
1774899513.6943529,1.0
1774899513.7125087,1.0
1774899513.730573,1.0
1774899513.7487268,1.0
1774899513.7668056,1.0
1774899513.7848625,1.0
1774899513.8032486,1.0
1774899513.8384082,1.0
1774899513.8565087,1.0
1774899513.8745396,1.0
1774899513.8928173,1.0
1774899513.9108527,1.0
1774899513.9290202,1.0
1774899513.9470422,1.0
1774899513.9651136,1.0
1774899513.9831867,1.0
1774899514.0013385,1.0
1774899514.0194004,1.0
1774899514.0374713,1.0
1774899514.0556645,1.0
1774899514.0737438,1.0
1774899514.0918138,1.0
1774899514.1099508,1.0
1774899514.128004,1.0
1774899514.1461809,1.0
1774899514.1643212,1.0
1774899514.1836483,1.0
1774899514.202287,1.0
1774899514.2206812,1.0
1774899514.2388346,1.0
1774899514.2571115,1.0
1774899514.2752395,1.0
1774899514.2935915,1.0
1774899514.3116875,1.0
1774899514.32984,1.0
1774899514.348458,1.0
1774899514.3664913,1.0
1774899514.384595,1.0
1774899514.4027648,1.0
1774899514.42138,1.0
1774899514.4394324,1.0
1774899514.4576724,1.0
1774899514.475758,1.0
1774899514.493818,1.0
1774899514.5119574,1.0
1774899514.530084,1.0
1774899514.5482209,1.0
1774899514.5663717,1.0
1774899514.584473,1.0
1774899514.6025875,1.0
1774899514.6207845,1.0
1774899514.6387265,1.0
1774899514.6568658,1.0
1774899514.6750965,1.0
1774899514.6931534,1.0
1774899514.711291,1.0
1774899514.7293603,1.0
1774899514.7475705,1.0
1774899514.7656326,1.0
1774899514.7837605,1.0
1774899514.8019023,1.0
1774899514.8199704,1.0
1774899514.838148,1.0
1774899514.8563063,1.0
1774899514.8744059,1.0
1774899514.89276,1.0
1774899514.9108033,1.0
1774899514.928868,1.0
1774899514.9471948,1.0
1774899514.9652908,1.0
1774899514.9833927,1.0
1774899515.001493,1.0
1774899515.0195944,1.0
1774899515.0378413,1.0
1774899515.0559103,1.0
1774899515.0741138,1.0
1774899515.0922499,1.0
1774899515.1103787,1.0
1774899515.1284828,1.0
1774899515.146555,1.0
1774899515.1646707,1.0
1774899515.183299,1.0
1774899515.2017157,1.0
1774899515.2202322,1.0
1774899515.2382917,1.0
1774899515.256572,1.0
1774899515.2747622,1.0
1774899515.2932174,1.0
1774899515.3112693,1.0
1774899515.3293831,1.0
1774899515.3480275,1.0
1774899515.3661308,1.0
1774899515.3842702,1.0
1774899515.4023614,1.0
1774899515.4206772,1.0
1774899515.4387577,1.0
1774899515.4569318,1.0
1774899515.4749482,1.0
1774899515.4931533,1.0
1774899515.511254,1.0
1774899515.5293994,1.0
1774899515.5474794,1.0
1774899515.5655956,1.0
1774899515.583849,1.0
1774899515.6019387,1.0
1774899515.6199846,1.0
1774899515.6381314,1.0
1774899515.6563401,1.0
1774899515.6743987,1.0
1774899515.6924784,1.0
1774899515.7105994,1.0
1774899515.728777,1.0
1774899515.746908,1.0
1774899515.7650087,1.0
1774899515.7830415,1.0
1774899515.8011866,1.0
1774899515.8192835,1.0
1774899515.8375235,1.0
1774899515.8557425,1.0
1774899515.8738177,1.0
1774899515.89188,1.0
1774899515.9101233,1.0
1774899515.928178,1.0
1774899515.9462924,1.0
1774899515.9643612,1.0
1774899515.982454,1.0
1774899516.0005834,1.0
1774899516.0186658,1.0
1774899516.0367465,1.0
1774899516.0548315,1.0
1774899516.0730095,1.0
1774899516.091092,1.0
1774899516.1092827,1.0
1774899516.1273894,1.0
1774899516.1457527,1.0
1774899516.1638122,1.0
1774899516.1834114,1.0
1774899516.201449,1.0
1774899516.219706,1.0
1774899516.2380607,1.0
1774899516.2563012,1.0
1774899516.2743714,1.0
1774899516.2927673,1.0
1774899516.3108332,1.0
1774899516.3289785,1.0
1774899516.3473341,1.0
1774899516.3654451,1.0
1774899516.3835788,1.0
1774899516.401676,1.0
1774899516.4199133,1.0
1774899516.4380882,1.0
1774899516.456203,1.0
1774899516.4743192,1.0
1774899516.4923465,1.0
1774899516.5104835,1.0
1774899516.528521,1.0
1774899516.546589,1.0
1774899516.5647762,1.0
1774899516.5829859,1.0
1774899516.601092,1.0
1774899516.619228,1.0
1774899516.6374059,1.0
1774899516.6555393,1.0
1774899516.673641,1.0
1774899516.6917691,1.0
1774899516.7099705,1.0
1774899516.7280684,1.0
1774899516.7461264,1.0
1774899516.7642803,1.0
1774899516.7823825,1.0
1774899516.800665,1.0
1774899516.8187847,1.0
1774899516.836987,1.0
1774899516.8550718,1.0
1774899516.8731396,1.0
1774899516.8912053,1.0
1774899516.9093623,1.0
1774899516.9274116,1.0
1774899516.945617,1.0
1774899516.9638238,1.0
1774899516.9818273,1.0
1774899516.999904,1.0
1774899517.0180213,1.0
1774899517.0361228,1.0
1774899517.0541923,1.0
1774899517.0722082,1.0
1774899517.0902662,1.0
1774899517.1083915,1.0
1774899517.1266263,1.0
1774899517.144713,1.0
1774899517.1628537,1.0
1774899517.1818674,1.0
1774899517.2005172,1.0
1774899517.2191286,1.0
1774899517.2371886,1.0
1774899517.2555218,1.0
1774899517.2736495,1.0
1774899517.2921445,1.0
1774899517.310193,1.0
1774899517.328325,1.0
1774899517.346749,1.0
1774899517.3648462,1.0
1774899517.3829618,1.0
1774899517.401026,1.0
1774899517.4190886,1.0
1774899517.4373274,1.0
1774899517.455356,1.0
1774899517.4734375,1.0
1774899517.491567,1.0
1774899517.509642,1.0
1774899517.5278807,1.0
1774899517.5460236,1.0
1774899517.5642579,1.0
1774899517.5824463,1.0
1774899517.6005607,1.0
1774899517.618755,1.0
1774899517.6370223,1.0
1774899517.6552176,1.0
1774899517.6733985,1.0
1774899517.6915581,1.0
1774899517.7097075,1.0
1774899517.727818,1.0
1774899517.7459466,1.0
1774899517.7641854,1.0
1774899517.7824235,1.0
1774899517.8005793,1.0
1774899517.8187532,1.0
1774899517.8369858,1.0
1774899517.8551798,1.0
1774899517.873412,1.0
1774899517.891555,1.0
1774899517.9096754,1.0
1774899517.9278061,1.0
1774899517.9459224,1.0
1774899517.9642642,1.0
1774899517.982423,1.0
1774899518.000625,1.0
1774899518.0186899,1.0
1774899518.0368373,1.0
1774899518.055052,1.0
1774899518.0731692,1.0
1774899518.0912755,1.0
1774899518.1094334,1.0
1774899518.1276574,1.0
1774899518.1458886,1.0
1774899518.1642044,1.0
1774899518.1837933,1.0
1774899518.2018554,1.0
1774899518.2202768,1.0
1774899518.2384017,1.0
1774899518.2568715,1.0
1774899518.2750313,1.0
1774899518.293724,1.0
1774899518.3118656,1.0
1774899518.3300529,1.0
1774899518.3484933,1.0
1774899518.3667,1.0
1774899518.3848836,1.0
1774899518.403017,1.0
1774899518.4211974,1.0
1774899518.4392488,1.0
1774899518.4574041,1.0
1774899518.4755843,1.0
1774899518.4937282,1.0
1774899518.5119514,1.0
1774899518.530085,1.0
1774899518.5482523,1.0
1774899518.5664592,1.0
1774899518.5845094,1.0
1774899518.6026762,1.0
1774899518.620856,1.0
1774899518.6390145,1.0
1774899518.6571517,1.0
1774899518.6753411,1.0
1774899518.6935647,1.0
1774899518.7117195,1.0
1774899518.729879,1.0
1774899518.7480671,1.0
1774899518.7662756,1.0
1774899518.784467,1.0
1774899518.8026493,1.0
1774899518.8208208,1.0
1774899518.8391192,1.0
1774899518.857296,1.0
1774899518.8754766,1.0
1774899518.8936665,1.0
1774899518.9118726,1.0
1774899518.9299886,1.0
1774899518.9481246,1.0
1774899518.966327,1.0
1774899518.9844759,1.0
1774899519.0026567,1.0
1774899519.0207913,1.0
1774899519.0388947,1.0
1774899519.0569775,1.0
1774899519.0750785,1.0
1774899519.0931706,1.0
1774899519.1112647,1.0
1774899519.1294086,1.0
1774899519.1475,1.0
1774899519.165628,1.0
1774899519.1843755,1.0
1774899519.2028995,1.0
1774899519.221192,1.0
1774899519.2390723,1.0
1774899519.2573483,1.0
1774899519.2755148,1.0
1774899519.2938488,1.0
1774899519.3119996,1.0
1774899519.3301995,1.0
1774899519.3486917,1.0
1774899519.3669293,1.0
1774899519.3850443,1.0
1774899519.4031956,1.0
1774899519.4213393,1.0
1774899519.439622,1.0
1774899519.4578035,1.0
1774899519.4759648,1.0
1774899519.494134,1.0
1774899519.51224,1.0
1774899519.5304627,1.0
1774899519.5485935,1.0
1774899519.5667593,1.0
1774899519.5848513,1.0
1774899519.6029642,1.0
1774899519.621046,1.0
1774899519.639174,1.0
1774899519.6573043,1.0
1774899519.6753848,1.0
1774899519.693508,1.0
1774899519.7116394,1.0
1774899519.7297118,1.0
1774899519.7480216,1.0
1774899519.7663484,1.0
1774899519.7844684,1.0
1774899519.8025906,1.0
1774899519.8206615,1.0
1774899519.8389616,1.0
1774899519.857031,1.0
1774899519.8751128,1.0
1774899519.8932154,1.0
1774899519.911341,1.0
1774899519.9294431,1.0
1774899519.947591,1.0
1774899519.9657629,1.0
1774899519.9838645,1.0
1774899520.002009,1.0
1774899520.020106,1.0
1774899520.0381913,1.0
1774899520.0563147,1.0
1774899520.0743973,1.0
1774899520.0924966,1.0
1774899520.1105833,1.0
1774899520.1287694,1.0
1774899520.1564903,1.0
1774899520.1842282,1.0
1774899520.2022882,1.0
1774899520.2207026,1.0
1774899520.2388349,1.0
1774899520.2572162,1.0
1774899520.275313,1.0
1774899520.2937236,1.0
1774899520.3118658,1.0
1774899520.329947,1.0
1774899520.3486738,1.0
1774899520.366799,1.0
1774899520.3848848,1.0
1774899520.402998,1.0
1774899520.4211116,1.0
1774899520.4393613,1.0
1774899520.4574382,1.0
1774899520.4755332,1.0
1774899520.4937415,1.0
1774899520.5119734,1.0
1774899520.5301044,1.0
1774899520.5481937,1.0
1774899520.5663586,1.0
1774899520.5845368,1.0
1774899520.6186666,1.0
1774899520.6367154,1.0
1774899520.654959,1.0
1774899520.673122,1.0
1774899520.691507,1.0
1774899520.7097435,1.0
1774899520.7279158,1.0
1774899520.7461143,1.0
1774899520.7643929,1.0
1774899520.7826157,1.0
1774899520.8007817,1.0
1774899520.8191283,1.0
1774899520.837469,1.0
1774899520.8556592,1.0
1774899520.8738716,1.0
1774899520.8920627,1.0
1774899520.9103167,1.0
1774899520.9285383,1.0
1774899520.9467793,1.0
1774899520.9650419,1.0
1774899520.9832387,1.0
1774899521.0014212,1.0
1774899521.0196257,1.0
1774899521.037742,1.0
1774899521.0557976,1.0
1774899521.0738754,1.0
1774899521.0919468,1.0
1774899521.1100092,1.0
1774899521.1283085,1.0
1774899521.1463413,1.0
1774899521.1644073,1.0
1774899521.184132,1.0
1774899521.2021775,1.0
1774899521.2205675,1.0
1774899521.2386243,1.0
1774899521.2570186,1.0
1774899521.2750728,1.0
1774899521.2935548,1.0
1774899521.3115802,1.0
1774899521.3296425,1.0
1774899521.3478153,1.0
1774899521.3660135,1.0
1774899521.3841236,1.0
1774899521.40218,1.0
1774899521.420206,1.0
1774899521.4385903,1.0
1774899521.4566429,1.0
1774899521.474745,1.0
1774899521.4928668,1.0
1774899521.5108926,1.0
1774899521.5290227,1.0
1774899521.5470374,1.0
1774899521.5650585,1.0
1774899521.583131,1.0
1774899521.6012092,1.0
1774899521.61943,1.0
1774899521.6374729,1.0
1774899521.655489,1.0
1774899521.6736598,1.0
1774899521.691752,1.0
1774899521.7098134,1.0
1774899521.7278552,1.0
1774899521.745881,1.0
1774899521.7639308,1.0
1774899521.781985,1.0
1774899521.800056,1.0
1774899521.8181853,1.0
1774899521.8363903,1.0
1774899521.8544247,1.0
1774899521.8724842,1.0
1774899521.8906581,1.0
1774899521.9087183,1.0
1774899521.9267437,1.0
1774899521.9448855,1.0
1774899521.9630451,1.0
1774899521.9810631,1.0
1774899521.9991179,1.0
1774899522.0172193,1.0
1774899522.0353084,1.0
1774899522.0533392,1.0
1774899522.0714157,1.0
1774899522.0895238,1.0
1774899522.1075535,1.0
1774899522.1257682,1.0
1774899522.143823,1.0
1774899522.161976,1.0
1774899522.1800504,1.0
1774899522.1989248,1.0
1774899522.217219,1.0
1774899522.2353206,1.0
1774899522.2536201,1.0
1774899522.2716568,1.0
1774899522.2898507,1.0
1774899522.3078775,1.0
1774899522.3261287,1.0
1774899522.344284,1.0
1774899522.3628025,1.0
1774899522.3813622,1.0
1774899522.399495,1.0
1774899522.4176836,1.0
1774899522.4360285,1.0
1774899522.4542522,1.0
1774899522.4724035,1.0
1774899522.4905941,1.0
1774899522.5087543,1.0
1774899522.5269094,1.0
1774899522.5451035,1.0
1774899522.5633073,1.0
1774899522.5815377,1.0
1774899522.5997667,1.0
1774899522.6179883,1.0
1774899522.6362236,1.0
1774899522.6544676,1.0
1774899522.6727076,1.0
1774899522.690917,1.0
1774899522.7091632,1.0
1774899522.727345,1.0
1774899522.7454865,1.0
1774899522.76363,1.0
1774899522.7818124,1.0
1774899522.7999358,1.0
1774899522.8181593,1.0
1774899522.8364363,1.0
1774899522.8545918,1.0
1774899522.8727198,1.0
1774899522.8908503,1.0
1774899522.9089324,1.0
1774899522.9271932,1.0
1774899522.9453433,1.0
1774899522.9634457,1.0
1774899522.9817467,1.0
1774899522.999918,1.0
1774899523.0180619,1.0
1774899523.0362105,1.0
1774899523.0544,1.0
1774899523.0725074,1.0
1774899523.0906818,1.0
1774899523.108883,1.0
1774899523.127121,1.0
1774899523.145253,1.0
1774899523.163425,1.0
1774899523.1827126,1.0
1774899523.200832,1.0
1774899523.2193484,1.0
1774899523.2375429,1.0
1774899523.2560306,1.0
1774899523.2741804,1.0
1774899523.2925348,1.0
1774899523.3106647,1.0
1774899523.3287392,1.0
1774899523.3468003,1.0
1774899523.3651524,1.0
1774899523.383195,1.0
1774899523.4013062,1.0
1774899523.4194913,1.0
1774899523.4377894,1.0
1774899523.4559276,1.0
1774899523.4739919,1.0
1774899523.492235,1.0
1774899523.5104308,1.0
1774899523.528985,1.0
1774899523.5470793,1.0
1774899523.5652254,1.0
1774899523.5833864,1.0
1774899523.6014886,1.0
1774899523.6195993,1.0
1774899523.6377585,1.0
1774899523.6558843,1.0
1774899523.6740935,1.0
1774899523.692205,1.0
1774899523.7103884,1.0
1774899523.7285085,1.0
1774899523.7466285,1.0
1774899523.764887,1.0
1774899523.7831626,1.0
1774899523.8012393,1.0
1774899523.8193252,1.0
1774899523.8375294,1.0
1774899523.8557355,1.0
1774899523.8738923,1.0
1774899523.8920157,1.0
1774899523.910141,1.0
1774899523.928239,1.0
1774899523.9465196,1.0
1774899523.9646142,1.0
1774899523.9827166,1.0
1774899524.0009384,1.0
1774899524.019006,1.0
1774899524.0371335,1.0
1774899524.0552878,1.0
1774899524.0733786,1.0
1774899524.091465,1.0
1774899524.109597,1.0
1774899524.127731,1.0
1774899524.1458864,1.0
1774899524.1639469,1.0
1774899524.1831415,1.0
1774899524.2012937,1.0
1774899524.2196665,1.0
1774899524.2377734,1.0
1774899524.256048,1.0
1774899524.2741952,1.0
1774899524.292578,1.0
1774899524.3106604,1.0
1774899524.3288538,1.0
1774899524.346939,1.0
1774899524.3653595,1.0
1774899524.3834777,1.0
1774899524.401642,1.0
1774899524.419752,1.0
1774899524.4386425,1.0
1774899524.4567492,1.0
1774899524.474987,1.0
1774899524.4930754,1.0
1774899524.5113914,1.0
1774899524.5295546,1.0
1774899524.547827,1.0
1774899524.56593,1.0
1774899524.5840673,1.0
1774899524.6021752,1.0
1774899524.6202676,1.0
1774899524.638412,1.0
1774899524.6565216,1.0
1774899524.674596,1.0
1774899524.6748195,0.0
