time,value
1765024562.1916094,2.0
1765024562.2063627,3.0
1765024562.2207916,3.0
1765024562.235181,3.0
1765024562.2495613,3.0
1765024562.2639253,3.0
1765024562.2783844,3.0
1765024562.2927797,3.0
1765024562.3071198,3.0
1765024562.3215358,3.0
1765024562.3360677,3.0
1765024562.3504615,3.0
1765024562.3648937,3.0
1765024562.3792818,3.0
1765024562.3937047,3.0
1765024562.4080987,3.0
1765024562.4224901,3.0
1765024562.4369755,3.0
1765024562.4513936,3.0
1765024562.4658377,3.0
1765024562.4802248,3.0
1765024562.4947371,3.0
1765024562.5091085,3.0
1765024562.5236654,3.0
1765024562.538116,3.0
1765024562.552515,3.0
1765024562.5668914,3.0
1765024562.5829725,3.0
1765024562.5973954,3.0
1765024562.6118026,3.0
1765024562.6262162,3.0
1765024562.6407375,3.0
1765024562.6553817,3.0
1765024562.66978,3.0
1765024562.6841917,3.0
1765024562.6987066,3.0
1765024562.7136793,3.0
1765024562.7242017,2.0
1765024562.7347522,2.0
1765024562.7454004,2.0
1765024562.7560859,2.0
1765024562.766791,2.0
1765024562.7780278,2.0
1765024562.788728,2.0
1765024562.799426,2.0
1765024562.810233,2.0
1765024562.8208883,2.0
1765024562.831527,2.0
1765024562.8423266,2.0
1765024562.852955,2.0
1765024562.863624,2.0
1765024562.8742583,2.0
1765024562.8849466,2.0
1765024562.8955917,2.0
1765024562.906227,2.0
1765024562.9169188,2.0
1765024562.9275713,2.0
1765024562.9382389,2.0
1765024562.9488735,2.0
1765024562.9594967,2.0
1765024562.9701123,2.0
1765024562.9807556,2.0
1765024562.9913568,2.0
1765024563.001974,2.0
1765024563.012569,2.0
1765024563.0234394,2.0
1765024563.0340552,2.0
1765024563.0447838,2.0
1765024563.055546,2.0
1765024563.0661592,2.0
1765024563.0767655,2.0
1765024563.087383,2.0
1765024563.0980406,2.0
1765024563.1088278,2.0
1765024563.1195128,2.0
1765024563.1310866,2.0
1765024563.1457458,1.0
1765024563.1580567,1.0
1765024563.1684747,2.0
1765024563.1791525,2.0
1765024563.1898637,2.0
1765024563.2006114,2.0
1765024563.2112896,2.0
1765024563.2219822,2.0
1765024563.232651,2.0
1765024563.243344,2.0
1765024563.2540658,2.0
1765024563.264872,2.0
1765024563.2755466,2.0
1765024563.2862544,2.0
1765024563.2969596,2.0
1765024563.3076482,2.0
1765024563.3183453,2.0
1765024563.3290262,2.0
1765024563.3397453,2.0
1765024563.350422,2.0
1765024563.3611174,2.0
1765024563.3718162,2.0
1765024563.3824992,2.0
1765024563.39324,2.0
1765024563.4039772,2.0
1765024563.4147193,2.0
1765024563.4253926,2.0
1765024563.4360712,2.0
1765024563.446783,2.0
1765024563.4574587,2.0
1765024563.46821,2.0
1765024563.4788294,2.0
1765024563.4896314,2.0
1765024563.500366,2.0
1765024563.5110915,2.0
1765024563.521809,2.0
1765024563.5325046,2.0
1765024563.5431893,2.0
1765024563.5540113,2.0
1765024563.5646935,2.0
1765024563.5753858,2.0
1765024563.5860832,2.0
1765024563.5967681,2.0
1765024563.607502,2.0
1765024563.6182222,2.0
1765024563.628881,2.0
1765024563.6395738,2.0
1765024563.6505451,2.0
1765024563.661224,2.0
1765024563.6719377,2.0
1765024563.6828396,2.0
1765024563.6934857,2.0
1765024563.7042468,2.0
1765024563.7149546,2.0
1765024563.7258635,2.0
1765024563.7364933,2.0
1765024563.7472274,2.0
1765024563.7579088,2.0
1765024563.768602,2.0
1765024563.7793167,2.0
1765024563.7900274,2.0
1765024563.8007014,2.0
1765024563.811385,2.0
1765024563.8221214,2.0
1765024563.832858,2.0
1765024563.8436136,2.0
1765024563.854293,2.0
1765024563.8651395,2.0
1765024563.8758843,2.0
1765024563.8866322,2.0
1765024563.89732,2.0
1765024563.9080532,2.0
1765024563.9190037,2.0
1765024563.9296906,2.0
1765024563.9403915,2.0
1765024563.9511209,2.0
1765024563.9618104,2.0
1765024563.9724667,2.0
1765024563.9831734,2.0
1765024563.9938633,2.0
1765024564.0046034,2.0
1765024564.0152683,2.0
1765024564.02593,2.0
1765024564.0366206,2.0
1765024564.0474236,2.0
1765024564.05811,2.0
1765024564.0687616,2.0
1765024564.0794153,2.0
1765024564.090234,2.0
1765024564.1008942,2.0
1765024564.1115901,2.0
1765024564.1224356,2.0
1765024564.1343036,2.0
1765024564.1498604,1.0
1765024564.1633058,1.0
1765024564.1738608,2.0
1765024564.1844592,2.0
1765024564.195113,2.0
1765024564.2058144,2.0
1765024564.216508,2.0
1765024564.227225,2.0
1765024564.237911,2.0
1765024564.2485795,2.0
1765024564.259307,2.0
1765024564.2699316,2.0
1765024564.280645,2.0
1765024564.2913356,2.0
1765024564.3020358,2.0
1765024564.312823,2.0
1765024564.3234506,2.0
1765024564.3341029,2.0
1765024564.3448114,2.0
1765024564.355469,2.0
1765024564.36612,2.0
1765024564.37692,2.0
1765024564.3876119,2.0
1765024564.3984025,2.0
1765024564.409108,2.0
1765024564.4197955,2.0
1765024564.4304533,2.0
1765024564.441195,2.0
1765024564.4519095,2.0
1765024564.4626043,2.0
1765024564.4733062,2.0
1765024564.4840093,2.0
1765024564.494845,2.0
1765024564.5055168,2.0
1765024564.5162315,2.0
1765024564.5268989,2.0
1765024564.537636,2.0
1765024564.548339,2.0
1765024564.5589645,2.0
1765024564.5696943,2.0
1765024564.5803611,2.0
1765024564.5910344,2.0
1765024564.601935,2.0
1765024564.6126041,2.0
1765024564.6233075,2.0
1765024564.633986,2.0
1765024564.6447046,2.0
1765024564.6556034,2.0
1765024564.66631,2.0
1765024564.6770117,2.0
1765024564.6879125,2.0
1765024564.6985552,2.0
1765024564.7092512,2.0
1765024564.7202008,2.0
1765024564.73093,2.0
1765024564.7417397,2.0
1765024564.7524147,2.0
1765024564.7630787,2.0
1765024564.7740612,2.0
1765024564.7847614,2.0
1765024564.795432,2.0
1765024564.8061204,2.0
1765024564.816811,2.0
1765024564.8277814,2.0
1765024564.8385265,2.0
1765024564.8492198,2.0
1765024564.8601263,2.0
1765024564.8708415,2.0
1765024564.8817158,2.0
1765024564.8924072,2.0
1765024564.9030392,2.0
1765024564.91368,2.0
1765024564.9244862,2.0
1765024564.935168,2.0
1765024564.9458528,2.0
1765024564.9565268,2.0
1765024564.9674118,2.0
1765024564.978071,2.0
1765024564.9888012,2.0
1765024564.9995546,2.0
1765024565.010239,2.0
1765024565.0209703,2.0
1765024565.0318282,2.0
1765024565.04278,2.0
1765024565.053579,2.0
1765024565.0642781,2.0
1765024565.0749977,2.0
1765024565.0856903,2.0
1765024565.0965068,2.0
1765024565.107172,2.0
1765024565.1180992,2.0
1765024565.1289854,2.0
1765024565.1412053,2.0
1765024565.1564367,1.0
1765024565.169418,1.0
1765024565.1798103,2.0
1765024565.1904337,2.0
1765024565.201215,2.0
1765024565.2119553,2.0
1765024565.222678,2.0
1765024565.2333372,2.0
1765024565.2441838,2.0
1765024565.2548728,2.0
1765024565.2655373,2.0
1765024565.276289,2.0
1765024565.286977,2.0
1765024565.297817,2.0
1765024565.3085053,2.0
1765024565.3191998,2.0
1765024565.3299124,2.0
1765024565.3406148,2.0
1765024565.3514063,2.0
1765024565.362115,2.0
1765024565.3728092,2.0
1765024565.383546,2.0
1765024565.3943417,2.0
1765024565.4050267,2.0
1765024565.415838,2.0
1765024565.4265115,2.0
1765024565.4373636,2.0
1765024565.4481368,2.0
1765024565.4587967,2.0
1765024565.4694753,2.0
1765024565.480133,2.0
1765024565.4911273,2.0
1765024565.501751,2.0
1765024565.512483,2.0
1765024565.5231698,2.0
1765024565.5338483,2.0
1765024565.5445487,2.0
1765024565.5552526,2.0
1765024565.565938,2.0
1765024565.5765982,2.0
1765024565.5872777,2.0
1765024565.5980277,2.0
1765024565.608719,2.0
1765024565.6194084,2.0
1765024565.6301017,2.0
1765024565.6407835,2.0
1765024565.6519036,2.0
1765024565.6625845,2.0
1765024565.6732368,2.0
1765024565.6841013,2.0
1765024565.6947055,2.0
1765024565.705459,2.0
1765024565.7160985,2.0
1765024565.7269173,2.0
1765024565.7375693,2.0
1765024565.748255,2.0
1765024565.7589061,2.0
1765024565.7696126,2.0
1765024565.7802312,2.0
1765024565.7909136,2.0
1765024565.8015661,2.0
1765024565.8122118,2.0
1765024565.8228695,2.0
1765024565.8335373,2.0
1765024565.844315,2.0
1765024565.854975,2.0
1765024565.8656282,2.0
1765024565.8763134,2.0
1765024565.8870862,2.0
1765024565.897756,2.0
1765024565.908521,2.0
1765024565.9191372,2.0
1765024565.9299185,2.0
1765024565.9405525,2.0
1765024565.9512355,2.0
1765024565.9620533,2.0
1765024565.9727218,2.0
1765024565.98339,2.0
1765024565.9941025,2.0
1765024566.0048146,2.0
1765024566.0154216,2.0
1765024566.0261092,2.0
1765024566.0367694,2.0
1765024566.0477383,2.0
1765024566.0583785,2.0
1765024566.0690768,2.0
1765024566.0797083,2.0
1765024566.0903723,2.0
1765024566.1011066,2.0
1765024566.1117756,2.0
1765024566.12256,2.0
1765024566.1348991,2.0
1765024566.1476228,2.0
1765024566.1587484,2.0
1765024566.1695528,2.0
1765024566.1803062,2.0
1765024566.1909473,2.0
1765024566.2016516,2.0
1765024566.212431,2.0
1765024566.2231183,2.0
1765024566.2339272,2.0
1765024566.244591,2.0
1765024566.2552495,2.0
1765024566.2659914,2.0
1765024566.276708,2.0
1765024566.2873874,2.0
1765024566.2980433,2.0
1765024566.3087516,2.0
1765024566.3194613,2.0
1765024566.3301876,2.0
1765024566.3409228,2.0
1765024566.3515959,2.0
1765024566.3622925,2.0
1765024566.3729453,2.0
1765024566.3836122,2.0
1765024566.3943512,2.0
1765024566.4050207,2.0
1765024566.4157026,2.0
1765024566.426392,2.0
1765024566.4371667,2.0
1765024566.4478002,2.0
1765024566.458487,2.0
1765024566.469224,2.0
1765024566.479888,2.0
1765024566.4906914,2.0
1765024566.501331,2.0
1765024566.5119965,2.0
1765024566.5227263,2.0
1765024566.5333614,2.0
1765024566.544026,2.0
1765024566.5547078,2.0
1765024566.5653875,2.0
1765024566.5760524,2.0
1765024566.5867405,2.0
1765024566.5974169,2.0
1765024566.6080968,2.0
1765024566.6187863,2.0
1765024566.6294851,2.0
1765024566.64016,2.0
1765024566.6510644,2.0
1765024566.6616924,2.0
1765024566.6724455,2.0
1765024566.6831846,2.0
1765024566.6938243,2.0
1765024566.7045195,2.0
1765024566.7152104,2.0
1765024566.7260163,2.0
1765024566.7367017,2.0
1765024566.7474372,2.0
1765024566.7581277,2.0
1765024566.7688074,2.0
1765024566.7794673,2.0
1765024566.7901266,2.0
1765024566.8008466,2.0
1765024566.8115358,2.0
1765024566.8222218,2.0
1765024566.8329897,2.0
1765024566.8437264,2.0
1765024566.8544068,2.0
1765024566.8651009,2.0
1765024566.876096,2.0
1765024566.88679,2.0
1765024566.8974695,2.0
1765024566.908127,2.0
1765024566.9187815,2.0
1765024566.9294665,2.0
1765024566.940147,2.0
1765024566.9508207,2.0
1765024566.961473,2.0
1765024566.9719834,2.0
1765024566.9826417,2.0
1765024566.9933214,2.0
1765024567.0039716,2.0
1765024567.0146625,2.0
1765024567.025354,2.0
1765024567.0361273,2.0
1765024567.046959,2.0
1765024567.057718,2.0
1765024567.0684664,2.0
1765024567.0791323,2.0
1765024567.089825,2.0
1765024567.1005158,2.0
1765024567.1112013,2.0
1765024567.1219666,2.0
1765024567.1331515,2.0
1765024567.1442556,2.0
1765024567.155027,2.0
1765024567.1656935,2.0
1765024567.1764245,2.0
1765024567.187101,2.0
1765024567.1977966,2.0
1765024567.208525,2.0
1765024567.2192066,2.0
1765024567.2298794,2.0
1765024567.24052,2.0
1765024567.251242,2.0
1765024567.2620473,2.0
1765024567.2727165,2.0
1765024567.2834148,2.0
1765024567.294184,2.0
1765024567.3048534,2.0
1765024567.3155708,2.0
1765024567.3262765,2.0
1765024567.3369482,2.0
1765024567.3477242,2.0
1765024567.3584404,2.0
1765024567.3691356,2.0
1765024567.3798175,2.0
1765024567.3904903,2.0
1765024567.4013526,2.0
1765024567.4120407,2.0
1765024567.4227004,2.0
1765024567.4333785,2.0
1765024567.444052,2.0
1765024567.4547465,2.0
1765024567.4654408,2.0
1765024567.476099,2.0
1765024567.4867845,2.0
1765024567.4975567,2.0
1765024567.5082037,2.0
1765024567.5188828,2.0
1765024567.529592,2.0
1765024567.5402482,2.0
1765024567.5509243,2.0
1765024567.5615962,2.0
1765024567.57229,2.0
1765024567.5829582,2.0
1765024567.5935915,2.0
1765024567.6044488,2.0
1765024567.6150975,2.0
1765024567.625785,2.0
1765024567.6364527,2.0
1765024567.64736,2.0
1765024567.6579618,2.0
1765024567.6686208,2.0
1765024567.679318,2.0
1765024567.6900728,2.0
1765024567.7007725,2.0
1765024567.7114668,2.0
1765024567.7221258,2.0
1765024567.7327828,2.0
1765024567.7435277,2.0
1765024567.7542393,2.0
1765024567.7649512,2.0
1765024567.775626,2.0
1765024567.7862518,2.0
1765024567.7969348,2.0
1765024567.80764,2.0
1765024567.8183558,2.0
1765024567.8290153,2.0
1765024567.839657,2.0
1765024567.8504112,2.0
1765024567.8611352,2.0
1765024567.871808,2.0
1765024567.8824635,2.0
1765024567.8932517,2.0
1765024567.9039438,2.0
1765024567.9146786,2.0
1765024567.925373,2.0
1765024567.9360662,2.0
1765024567.9466972,2.0
1765024567.9573767,2.0
1765024567.9680846,2.0
1765024567.978752,2.0
1765024567.9894843,2.0
1765024568.0001442,2.0
1765024568.0107932,2.0
1765024568.021513,2.0
1765024568.0321739,2.0
1765024568.042861,2.0
1765024568.0536327,2.0
1765024568.0643005,2.0
1765024568.0749412,2.0
1765024568.085648,2.0
1765024568.0962913,2.0
1765024568.1069553,2.0
1765024568.117614,2.0
1765024568.129722,2.0
1765024568.1404004,2.0
1765024568.1511745,2.0
1765024568.1618693,2.0
1765024568.1725583,2.0
1765024568.1832304,2.0
1765024568.193846,2.0
1765024568.204486,2.0
1765024568.2151368,2.0
1765024568.2257688,2.0
1765024568.2365127,2.0
1765024568.2471743,2.0
1765024568.2578073,2.0
1765024568.268518,2.0
1765024568.2791643,2.0
1765024568.2898424,2.0
1765024568.3004942,2.0
1765024568.3111193,2.0
1765024568.3217883,2.0
1765024568.3324378,2.0
1765024568.3431044,2.0
1765024568.353781,2.0
1765024568.364416,2.0
1765024568.3749468,2.0
1765024568.3855987,2.0
1765024568.3962343,2.0
1765024568.40695,2.0
1765024568.4176857,2.0
1765024568.42835,2.0
1765024568.4390163,2.0
1765024568.4498045,2.0
1765024568.460495,2.0
1765024568.4711185,2.0
1765024568.4817574,2.0
1765024568.4924433,2.0
1765024568.5030894,2.0
1765024568.513901,2.0
1765024568.5245125,2.0
1765024568.535149,2.0
1765024568.5458488,2.0
1765024568.5565689,2.0
1765024568.5672436,2.0
1765024568.5779312,2.0
1765024568.5885696,2.0
1765024568.599269,2.0
1765024568.6098948,2.0
1765024568.6205702,2.0
1765024568.6312191,2.0
1765024568.6418564,2.0
1765024568.652793,2.0
1765024568.6634493,2.0
1765024568.6741116,2.0
1765024568.6847398,2.0
1765024568.6952522,2.0
1765024568.7059357,2.0
1765024568.7165785,2.0
1765024568.7273698,2.0
1765024568.7380052,2.0
1765024568.7485538,2.0
1765024568.7590754,2.0
1765024568.7698848,2.0
1765024568.7804818,2.0
1765024568.79119,2.0
1765024568.8019743,2.0
1765024568.8125608,2.0
1765024568.8230898,2.0
1765024568.8337731,2.0
1765024568.844502,2.0
1765024568.8551946,2.0
1765024568.8658276,2.0
1765024568.8764732,2.0
1765024568.8871138,2.0
1765024568.8977678,2.0
1765024568.9084857,2.0
1765024568.919367,2.0
1765024568.9300172,2.0
1765024568.9406693,2.0
1765024568.9513311,2.0
1765024568.9619858,2.0
1765024568.972683,2.0
1765024568.983362,2.0
1765024568.9939857,2.0
1765024569.0048141,2.0
1765024569.0154972,2.0
1765024569.0261729,2.0
1765024569.0369906,2.0
1765024569.047913,2.0
1765024569.0587716,2.0
1765024569.0693734,2.0
1765024569.0800307,2.0
1765024569.0907965,2.0
1765024569.101465,2.0
1765024569.1121302,2.0
1765024569.122793,2.0
1765024569.1347766,2.0
1765024569.145511,2.0
1765024569.156405,2.0
1765024569.167142,2.0
1765024569.1778333,2.0
1765024569.1886861,2.0
1765024569.1993594,2.0
1765024569.2100444,2.0
1765024569.2207074,2.0
1765024569.2314177,2.0
1765024569.242073,2.0
1765024569.2527196,2.0
1765024569.2633665,2.0
1765024569.2740119,2.0
1765024569.2846725,2.0
1765024569.2953072,2.0
1765024569.3059483,2.0
1765024569.3167078,2.0
1765024569.3272994,2.0
1765024569.3379207,2.0
1765024569.3486068,2.0
1765024569.3592951,2.0
1765024569.3699522,2.0
1765024569.3805916,2.0
1765024569.3912544,2.0
1765024569.4020503,2.0
1765024569.4127078,2.0
1765024569.4233751,2.0
1765024569.4340057,2.0
1765024569.444692,2.0
1765024569.4553328,2.0
1765024569.465981,2.0
1765024569.4766371,2.0
1765024569.487304,2.0
1765024569.498046,2.0
1765024569.5087178,2.0
1765024569.5192883,2.0
1765024569.5300183,2.0
1765024569.5406742,2.0
1765024569.551323,2.0
1765024569.5619528,2.0
1765024569.5725935,2.0
1765024569.5832403,2.0
1765024569.593891,2.0
1765024569.6045566,2.0
1765024569.6152234,2.0
1765024569.6259897,2.0
1765024569.6366477,2.0
1765024569.6475422,2.0
1765024569.6581178,2.0
1765024569.6689174,2.0
1765024569.6796122,2.0
1765024569.6904037,2.0
1765024569.7010376,2.0
1765024569.711762,2.0
1765024569.7226012,2.0
1765024569.7332695,2.0
1765024569.7439137,2.0
1765024569.754555,2.0
1765024569.7652874,2.0
1765024569.7760427,2.0
1765024569.786743,2.0
1765024569.7974603,2.0
1765024569.8082087,2.0
1765024569.8189251,2.0
1765024569.8296776,2.0
1765024569.840412,2.0
1765024569.8511884,2.0
1765024569.8619204,2.0
1765024569.872629,2.0
1765024569.8833785,2.0
1765024569.8940847,2.0
1765024569.904817,2.0
1765024569.9155023,2.0
1765024569.9262192,2.0
1765024569.9370224,2.0
1765024569.9478498,2.0
1765024569.9585643,2.0
1765024569.9692562,2.0
1765024569.9799483,2.0
1765024569.9906654,2.0
1765024570.0013616,2.0
1765024570.0120826,2.0
1765024570.0227873,2.0
1765024570.033555,2.0
1765024570.0442326,2.0
1765024570.0550969,2.0
1765024570.0659318,2.0
1765024570.0767016,2.0
1765024570.0874767,2.0
1765024570.0981874,2.0
1765024570.109011,2.0
1765024570.1197317,2.0
1765024570.130864,2.0
1765024570.1419072,2.0
1765024570.1571176,1.0
1765024570.1702452,1.0
1765024570.1807053,2.0
1765024570.1912975,2.0
1765024570.202091,2.0
1765024570.2129436,2.0
1765024570.2236772,2.0
1765024570.2343874,2.0
1765024570.2451005,2.0
1765024570.2558224,2.0
1765024570.266544,2.0
1765024570.2772863,2.0
1765024570.2879689,2.0
1765024570.2987065,2.0
1765024570.3094847,2.0
1765024570.3202355,2.0
1765024570.3310313,2.0
1765024570.3417196,2.0
1765024570.3525326,2.0
1765024570.3632693,2.0
1765024570.374076,2.0
1765024570.3848417,2.0
1765024570.3956316,2.0
1765024570.4064605,2.0
1765024570.4172697,2.0
1765024570.4280312,2.0
1765024570.43878,2.0
1765024570.4495783,2.0
1765024570.4602866,2.0
1765024570.471021,2.0
1765024570.481751,2.0
1765024570.4926603,2.0
1765024570.5033615,2.0
1765024570.5140607,2.0
1765024570.5248055,2.0
1765024570.5355735,2.0
1765024570.5462377,2.0
1765024570.5569942,2.0
1765024570.567719,2.0
1765024570.5784023,2.0
1765024570.5891118,2.0
1765024570.5999708,2.0
1765024570.6106734,2.0
1765024570.6213968,2.0
1765024570.632093,2.0
1765024570.6428087,2.0
1765024570.6535928,2.0
1765024570.6642933,2.0
1765024570.6749988,2.0
1765024570.685855,2.0
1765024570.6965063,2.0
1765024570.7072232,2.0
1765024570.7180073,2.0
1765024570.7287421,2.0
1765024570.7395139,2.0
1765024570.7503092,2.0
1765024570.7610173,2.0
1765024570.7717395,2.0
1765024570.7824576,2.0
1765024570.793163,2.0
1765024570.8038616,2.0
1765024570.8146026,2.0
1765024570.8253312,2.0
1765024570.836168,2.0
1765024570.8468268,2.0
1765024570.857564,2.0
1765024570.86824,2.0
1765024570.878981,2.0
1765024570.8898232,2.0
1765024570.900602,2.0
1765024570.9113362,2.0
1765024570.9220517,2.0
1765024570.9327855,2.0
1765024570.943533,2.0
1765024570.954258,2.0
1765024570.9654143,2.0
1765024570.976206,2.0
1765024570.9870136,2.0
1765024570.997729,2.0
1765024571.0084825,2.0
1765024571.01919,2.0
1765024571.0299125,2.0
1765024571.0407176,2.0
1765024571.051618,2.0
1765024571.0624354,2.0
1765024571.073132,2.0
1765024571.0838554,2.0
1765024571.0945573,2.0
1765024571.1053078,2.0
1765024571.1160448,2.0
1765024571.1268797,2.0
1765024571.1386504,2.0
1765024571.1493936,2.0
1765024571.1706333,2.0
1765024571.1844196,1.0
1765024571.194791,2.0
1765024571.2054703,2.0
1765024571.2162309,2.0
1765024571.2269876,2.0
1765024571.237718,2.0
1765024571.2484176,2.0
1765024571.2592154,2.0
1765024571.2699642,2.0
1765024571.2806938,2.0
1765024571.2914445,2.0
1765024571.3021805,2.0
1765024571.312906,2.0
1765024571.3236094,2.0
1765024571.334408,2.0
1765024571.3451076,2.0
1765024571.3558645,2.0
1765024571.3665729,2.0
1765024571.3772702,2.0
1765024571.3879902,2.0
1765024571.398811,2.0
1765024571.409551,2.0
1765024571.420235,2.0
1765024571.430936,2.0
1765024571.4416313,2.0
1765024571.4523365,2.0
1765024571.4631038,2.0
1765024571.473926,2.0
1765024571.4846427,2.0
1765024571.4955223,2.0
1765024571.506274,2.0
1765024571.516952,2.0
1765024571.5277755,2.0
1765024571.538481,2.0
1765024571.549158,2.0
1765024571.5598674,2.0
1765024571.5705693,2.0
1765024571.5813692,2.0
1765024571.5920882,2.0
1765024571.6028347,2.0
1765024571.61357,2.0
1765024571.6242814,2.0
1765024571.6351054,2.0
1765024571.6459272,2.0
1765024571.6565688,2.0
1765024571.6673055,2.0
1765024571.6780434,2.0
1765024571.6889775,2.0
1765024571.699687,2.0
1765024571.710399,2.0
1765024571.7212522,2.0
1765024571.7319663,2.0
1765024571.7428176,2.0
1765024571.753527,2.0
1765024571.7642179,2.0
1765024571.7750013,2.0
1765024571.7857394,2.0
1765024571.7964587,2.0
1765024571.8071766,2.0
1765024571.8180282,2.0
1765024571.8287718,2.0
1765024571.8395183,2.0
1765024571.8502321,2.0
1765024571.8609993,2.0
1765024571.8718808,2.0
1765024571.8825676,2.0
1765024571.8931217,2.0
1765024571.903857,2.0
1765024571.9145558,2.0
1765024571.9254,2.0
1765024571.9360824,2.0
1765024571.9468417,2.0
1765024571.9575763,2.0
1765024571.9683552,2.0
1765024571.9790618,2.0
1765024571.9899032,2.0
1765024572.0006135,2.0
1765024572.011359,2.0
1765024572.0221627,2.0
1765024572.0328822,2.0
1765024572.0436008,2.0
1765024572.054479,2.0
1765024572.0651815,2.0
1765024572.0758815,2.0
1765024572.086664,2.0
1765024572.0973616,2.0
1765024572.1080933,2.0
1765024572.1189184,2.0
1765024572.1307874,2.0
1765024572.1418068,2.0
1765024572.1525226,2.0
1765024572.1633456,2.0
1765024572.184046,2.0
1765024572.1975365,1.0
1765024572.207934,2.0
1765024572.2186267,2.0
1765024572.2294133,2.0
1765024572.2401326,2.0
1765024572.2508726,2.0
1765024572.2616758,2.0
1765024572.2723897,2.0
1765024572.283108,2.0
1765024572.2939901,2.0
1765024572.3045669,2.0
1765024572.3151662,2.0
1765024572.325755,2.0
1765024572.3363364,2.0
1765024572.3468966,2.0
1765024572.3574934,2.0
1765024572.3680987,2.0
1765024572.37868,2.0
1765024572.3892796,2.0
1765024572.399973,2.0
1765024572.410624,2.0
1765024572.4212062,2.0
1765024572.4317913,2.0
1765024572.4424381,2.0
1765024572.4530098,2.0
1765024572.4637547,2.0
1765024572.474339,2.0
1765024572.484923,2.0
1765024572.4955618,2.0
1765024572.5062292,2.0
1765024572.5167851,2.0
1765024572.5273778,2.0
1765024572.5379434,2.0
1765024572.5486166,2.0
1765024572.559223,2.0
1765024572.569946,2.0
1765024572.5805326,2.0
1765024572.5911102,2.0
1765024572.6016898,2.0
1765024572.6123905,2.0
1765024572.6229606,2.0
1765024572.6354795,2.0
1765024572.6461587,2.0
1765024572.6568255,2.0
1765024572.6673887,2.0
1765024572.6779099,2.0
1765024572.6885202,2.0
1765024572.6990902,2.0
1765024572.7096283,2.0
1765024572.7203507,2.0
1765024572.7309768,2.0
1765024572.7415152,2.0
1765024572.7520626,2.0
1765024572.7626054,2.0
1765024572.7732532,2.0
1765024572.7837849,2.0
1765024572.794361,2.0
1765024572.8050373,2.0
1765024572.8156173,2.0
1765024572.8261774,2.0
1765024572.836756,2.0
1765024572.8472743,2.0
1765024572.8578055,2.0
1765024572.8684192,2.0
1765024572.878951,2.0
1765024572.8895702,2.0
1765024572.9001226,2.0
1765024572.910717,2.0
1765024572.9213552,2.0
1765024572.9319282,2.0
1765024572.942572,2.0
1765024572.953096,2.0
1765024572.9636807,2.0
1765024572.974202,2.0
1765024572.9847145,2.0
1765024572.9953938,2.0
1765024573.005897,2.0
1765024573.0166671,2.0
1765024573.0272908,2.0
1765024573.0382059,2.0
1765024573.0487924,2.0
1765024573.0594764,2.0
1765024573.0700903,2.0
1765024573.0806966,2.0
1765024573.0911946,2.0
1765024573.1017644,2.0
1765024573.112326,2.0
1765024573.122836,2.0
1765024573.133955,2.0
1765024573.1447752,2.0
1765024573.1553633,2.0
1765024573.1658986,2.0
1765024573.1765783,2.0
1765024573.1871254,2.0
1765024573.1977177,2.0
1765024573.208312,2.0
1765024573.218904,2.0
1765024573.2294626,2.0
1765024573.2399924,2.0
1765024573.250529,2.0
1765024573.2611413,2.0
1765024573.2718446,2.0
1765024573.2825358,2.0
1765024573.2932014,2.0
1765024573.3038578,2.0
1765024573.3145766,2.0
1765024573.3252778,2.0
1765024573.3359435,2.0
1765024573.346605,2.0
1765024573.3572285,2.0
1765024573.3679967,2.0
1765024573.3786933,2.0
1765024573.3894525,2.0
1765024573.400115,2.0
1765024573.4107885,2.0
1765024573.421468,2.0
1765024573.4321408,2.0
1765024573.442828,2.0
1765024573.453544,2.0
1765024573.4641864,2.0
1765024573.4748797,2.0
1765024573.485566,2.0
1765024573.4962914,2.0
1765024573.5075812,2.0
1765024573.5183349,2.0
1765024573.5289896,2.0
1765024573.539672,2.0
1765024573.550347,2.0
1765024573.5611458,2.0
1765024573.5719376,2.0
1765024573.582622,2.0
1765024573.593395,2.0
1765024573.6040716,2.0
1765024573.6148043,2.0
1765024573.6254838,2.0
1765024573.6361437,2.0
1765024573.646919,2.0
1765024573.6575851,2.0
1765024573.6682954,2.0
1765024573.6789703,2.0
1765024573.6897378,2.0
1765024573.700408,2.0
1765024573.7111614,2.0
1765024573.7219865,2.0
1765024573.7326133,2.0
1765024573.7432475,2.0
1765024573.75403,2.0
1765024573.7647555,2.0
1765024573.7753751,2.0
1765024573.7860494,2.0
1765024573.7967298,2.0
1765024573.8075264,2.0
1765024573.818271,2.0
1765024573.8289068,2.0
1765024573.839687,2.0
1765024573.8503954,2.0
1765024573.8610597,2.0
1765024573.8717995,2.0
1765024573.8824756,2.0
1765024573.893127,2.0
1765024573.9037786,2.0
1765024573.9144628,2.0
1765024573.9251606,2.0
1765024573.935857,2.0
1765024573.9465008,2.0
1765024573.9571598,2.0
1765024573.9678571,2.0
1765024573.9785304,2.0
1765024573.9891849,2.0
1765024573.9998925,2.0
1765024574.0105538,2.0
1765024574.0213687,2.0
1765024574.0321567,2.0
1765024574.0429282,2.0
1765024574.0538526,2.0
1765024574.0645816,2.0
1765024574.0753086,2.0
1765024574.086037,2.0
1765024574.0967958,2.0
1765024574.1075375,2.0
1765024574.1183388,2.0
1765024574.1299,2.0
1765024574.14087,2.0
1765024574.151712,2.0
1765024574.1624238,2.0
1765024574.173158,2.0
1765024574.1838877,2.0
1765024574.1946044,2.0
1765024574.2053275,2.0
1765024574.2160993,2.0
1765024574.2267635,2.0
1765024574.2373397,2.0
1765024574.2479525,2.0
1765024574.258624,2.0
1765024574.2692418,2.0
1765024574.279869,2.0
1765024574.2905066,2.0
1765024574.3012013,2.0
1765024574.3118272,2.0
1765024574.3224647,2.0
1765024574.3330865,2.0
1765024574.3436954,2.0
1765024574.3543653,2.0
1765024574.3650594,2.0
1765024574.3756597,2.0
1765024574.3862963,2.0
1765024574.3970406,2.0
1765024574.4076712,2.0
1765024574.4183152,2.0
1765024574.4289296,2.0
1765024574.439559,2.0
1765024574.45018,2.0
1765024574.4608126,2.0
1765024574.4714768,2.0
1765024574.4821463,2.0
1765024574.4928079,2.0
1765024574.503401,2.0
1765024574.5140448,2.0
1765024574.5246937,2.0
1765024574.535338,2.0
1765024574.5459938,2.0
1765024574.5566192,2.0
1765024574.5672064,2.0
1765024574.5779562,2.0
1765024574.5885484,2.0
1765024574.5992038,2.0
1765024574.6098204,2.0
1765024574.6204543,2.0
1765024574.631054,2.0
1765024574.6416883,2.0
1765024574.6524124,2.0
1765024574.6630182,2.0
1765024574.673626,2.0
1765024574.6844966,2.0
1765024574.6951134,2.0
1765024574.705706,2.0
1765024574.7163086,2.0
1765024574.726977,2.0
1765024574.737636,2.0
1765024574.7482727,2.0
1765024574.7588394,2.0
1765024574.769482,2.0
1765024574.780107,2.0
1765024574.7907374,2.0
1765024574.8013968,2.0
1765024574.8120193,2.0
1765024574.822632,2.0
1765024574.833252,2.0
1765024574.8438826,2.0
1765024574.8545272,2.0
1765024574.865186,2.0
1765024574.8758156,2.0
1765024574.8864496,2.0
1765024574.897095,2.0
1765024574.907843,2.0
1765024574.9186857,2.0
1765024574.92938,2.0
1765024574.9400756,2.0
1765024574.9510536,2.0
1765024574.9618988,2.0
1765024574.9725668,2.0
1765024574.983277,2.0
1765024574.9938648,2.0
1765024575.0045435,2.0
1765024575.0152817,2.0
1765024575.0260584,2.0
1765024575.0367584,2.0
1765024575.0475447,2.0
1765024575.0584812,2.0
1765024575.0694892,2.0
1765024575.0803015,2.0
1765024575.0910573,2.0
1765024575.1018398,2.0
1765024575.1127255,2.0
1765024575.1235027,2.0
1765024575.135252,2.0
1765024575.1462393,2.0
1765024575.157033,2.0
1765024575.167837,2.0
1765024575.178588,2.0
1765024575.1893945,2.0
1765024575.200174,2.0
1765024575.2109509,2.0
1765024575.221924,2.0
1765024575.2326488,2.0
1765024575.24342,2.0
1765024575.2541838,2.0
1765024575.2650018,2.0
1765024575.2758362,2.0
1765024575.286569,2.0
1765024575.2973564,2.0
1765024575.308133,2.0
1765024575.318923,2.0
1765024575.3296921,2.0
1765024575.3404515,2.0
1765024575.3512487,2.0
1765024575.3620446,2.0
1765024575.3727672,2.0
1765024575.3834794,2.0
1765024575.3942184,2.0
1765024575.404969,2.0
1765024575.415728,2.0
1765024575.426482,2.0
1765024575.4373274,2.0
1765024575.4480596,2.0
1765024575.4588218,2.0
1765024575.4695945,2.0
1765024575.4803257,2.0
1765024575.4910219,2.0
1765024575.501628,2.0
1765024575.512388,2.0
1765024575.5230763,2.0
1765024575.5338447,2.0
1765024575.5446203,2.0
1765024575.555336,2.0
1765024575.5660663,2.0
1765024575.5768409,2.0
1765024575.5875537,2.0
1765024575.5982676,2.0
1765024575.609001,2.0
1765024575.6197662,2.0
1765024575.6306016,2.0
1765024575.6413295,2.0
1765024575.6522536,2.0
1765024575.6629422,2.0
1765024575.6738222,2.0
1765024575.6847231,2.0
1765024575.6953554,2.0
1765024575.7060814,2.0
1765024575.7168963,2.0
1765024575.7276232,2.0
1765024575.7384388,2.0
1765024575.7491887,2.0
1765024575.7599313,2.0
1765024575.7706904,2.0
1765024575.7814422,2.0
1765024575.7922173,2.0
1765024575.802951,2.0
1765024575.8136747,2.0
1765024575.8243906,2.0
1765024575.8351436,2.0
1765024575.8458955,2.0
1765024575.8566203,2.0
1765024575.8673613,2.0
1765024575.8780825,2.0
1765024575.888797,2.0
1765024575.8996103,2.0
1765024575.9103317,2.0
1765024575.9210472,2.0
1765024575.9317608,2.0
1765024575.9424977,2.0
1765024575.9532402,2.0
1765024575.9639127,2.0
1765024575.974661,2.0
1765024575.9853954,2.0
1765024575.9961166,2.0
1765024576.0068324,2.0
1765024576.0177538,2.0
1765024576.0284896,2.0
1765024576.0392401,2.0
1765024576.0500064,2.0
1765024576.0608242,2.0
1765024576.071551,2.0
1765024576.0822773,2.0
1765024576.0930655,2.0
1765024576.103837,2.0
1765024576.1145847,2.0
1765024576.1267886,2.0
1765024576.1377912,2.0
1765024576.1485357,2.0
1765024576.159237,2.0
1765024576.1699564,2.0
1765024576.1807342,2.0
1765024576.191463,2.0
1765024576.2021933,2.0
1765024576.213091,2.0
1765024576.2238355,2.0
1765024576.234591,2.0
1765024576.2453365,2.0
1765024576.2560313,2.0
1765024576.2667997,2.0
1765024576.277522,2.0
1765024576.2883043,2.0
1765024576.2991464,2.0
1765024576.3106735,2.0
1765024576.321384,2.0
1765024576.3322413,2.0
1765024576.342987,2.0
1765024576.3537157,2.0
1765024576.3644495,2.0
1765024576.375218,2.0
1765024576.3859406,2.0
1765024576.3967214,2.0
1765024576.4074311,2.0
1765024576.418137,2.0
1765024576.4288487,2.0
1765024576.4395828,2.0
1765024576.4503183,2.0
1765024576.4610674,2.0
1765024576.4719748,2.0
1765024576.4826655,2.0
1765024576.4935005,2.0
1765024576.504306,2.0
1765024576.5150473,2.0
1765024576.5258124,2.0
1765024576.5364938,2.0
1765024576.5472312,2.0
1765024576.5579612,2.0
1765024576.5687613,2.0
1765024576.5794775,2.0
1765024576.590209,2.0
1765024576.6010237,2.0
1765024576.6117704,2.0
1765024576.6225286,2.0
1765024576.6333008,2.0
1765024576.6440248,2.0
1765024576.6549292,2.0
1765024576.6656358,2.0
1765024576.6763663,2.0
1765024576.687215,2.0
1765024576.697881,2.0
1765024576.708636,2.0
1765024576.7195137,2.0
1765024576.7301626,2.0
1765024576.7409956,2.0
1765024576.7517679,2.0
1765024576.7624874,2.0
1765024576.7732215,2.0
1765024576.7840722,2.0
1765024576.794772,2.0
1765024576.805514,2.0
1765024576.8162417,2.0
1765024576.8269734,2.0
1765024576.8377008,2.0
1765024576.848471,2.0
1765024576.859201,2.0
1765024576.8699694,2.0
1765024576.8806567,2.0
1765024576.8914716,2.0
1765024576.9021945,2.0
1765024576.9128993,2.0
1765024576.9237127,2.0
1765024576.934404,2.0
1765024576.9451096,2.0
1765024576.9558764,2.0
1765024576.9666467,2.0
1765024576.97744,2.0
1765024576.9880812,2.0
1765024576.9988623,2.0
1765024577.0096383,2.0
1765024577.0203927,2.0
1765024577.0310614,2.0
1765024577.0418046,2.0
1765024577.052527,2.0
1765024577.063415,2.0
1765024577.0744345,2.0
1765024577.085157,2.0
1765024577.0958536,2.0
1765024577.1065843,2.0
1765024577.117449,2.0
1765024577.1292999,2.0
1765024577.1400099,2.0
1765024577.1507885,2.0
1765024577.1615145,2.0
1765024577.1723125,2.0
1765024577.1830683,2.0
1765024577.1938267,2.0
1765024577.2045653,2.0
1765024577.2154298,2.0
1765024577.22619,2.0
1765024577.2369163,2.0
1765024577.2476785,2.0
1765024577.2583783,2.0
1765024577.2690961,2.0
1765024577.2798645,2.0
1765024577.2907035,2.0
1765024577.3014436,2.0
1765024577.3121881,2.0
1765024577.3229172,2.0
1765024577.333817,2.0
1765024577.3445559,2.0
1765024577.355277,2.0
1765024577.366008,2.0
1765024577.3767762,2.0
1765024577.387456,2.0
1765024577.398171,2.0
1765024577.4089854,2.0
1765024577.419716,2.0
1765024577.4304543,2.0
1765024577.4411752,2.0
1765024577.451968,2.0
1765024577.4626658,2.0
1765024577.4733908,2.0
1765024577.484117,2.0
1765024577.4950292,2.0
1765024577.5057878,2.0
1765024577.5165374,2.0
1765024577.5272381,2.0
1765024577.5379567,2.0
1765024577.5487058,2.0
1765024577.5594518,2.0
1765024577.5702112,2.0
1765024577.5809472,2.0
1765024577.5916965,2.0
1765024577.6024265,2.0
1765024577.6132083,2.0
1765024577.6240509,2.0
1765024577.6347764,2.0
1765024577.6456633,2.0
1765024577.6563983,2.0
1765024577.6671183,2.0
1765024577.6778877,2.0
1765024577.6887724,2.0
1765024577.699463,2.0
1765024577.71021,2.0
1765024577.7210343,2.0
1765024577.7318413,2.0
1765024577.74267,2.0
1765024577.7534826,2.0
1765024577.764294,2.0
1765024577.7750876,2.0
1765024577.7859466,2.0
1765024577.7966678,2.0
1765024577.807352,2.0
1765024577.8182588,2.0
1765024577.8289545,2.0
1765024577.8397052,2.0
1765024577.8503704,2.0
1765024577.8610535,2.0
1765024577.8717256,2.0
1765024577.8824146,2.0
1765024577.893108,2.0
1765024577.9037704,2.0
1765024577.9144459,2.0
1765024577.9250996,2.0
1765024577.9364734,2.0
1765024577.9497814,1.0
1765024577.9602127,2.0
1765024577.970859,2.0
1765024577.9814987,2.0
1765024577.9921672,2.0
1765024578.0028765,2.0
1765024578.0135698,2.0
1765024578.0242336,2.0
1765024578.0349388,2.0
1765024578.0455873,2.0
1765024578.0564933,2.0
1765024578.0671096,2.0
1765024578.0778844,2.0
1765024578.0885465,2.0
1765024578.0992367,2.0
1765024578.1099436,2.0
1765024578.1206093,2.0
1765024578.1312578,2.0
1765024578.1425855,2.0
1765024578.1531792,2.0
1765024578.1640282,2.0
1765024578.1746762,2.0
1765024578.1853616,2.0
1765024578.195967,2.0
1765024578.2065876,2.0
1765024578.2172687,2.0
1765024578.2278829,2.0
1765024578.2385378,2.0
1765024578.2491527,2.0
1765024578.2598646,2.0
1765024578.2705157,2.0
1765024578.2811887,2.0
1765024578.2918475,2.0
1765024578.3025274,2.0
1765024578.3134136,2.0
1765024578.32428,2.0
1765024578.334924,2.0
1765024578.3456059,2.0
1765024578.3562686,2.0
1765024578.367118,2.0
1765024578.3777745,2.0
1765024578.38845,2.0
1765024578.399091,2.0
1765024578.4097338,2.0
1765024578.4203985,2.0
1765024578.4312243,2.0
1765024578.4419367,2.0
1765024578.4526293,2.0
1765024578.463284,2.0
1765024578.4743342,2.0
1765024578.4858046,2.0
1765024578.4966683,2.0
1765024578.5072784,2.0
1765024578.5180807,2.0
1765024578.5287068,2.0
1765024578.5394073,2.0
1765024578.550134,2.0
1765024578.5610342,2.0
1765024578.5718098,2.0
1765024578.5825644,2.0
1765024578.5932565,2.0
1765024578.6041417,2.0
1765024578.6195698,1.0
1765024578.6328852,1.0
1765024578.6433792,2.0
1765024578.6546237,2.0
1765024578.6654587,2.0
1765024578.6763294,2.0
1765024578.6876526,2.0
1765024578.6984253,2.0
1765024578.7091863,2.0
1765024578.7203195,2.0
1765024578.7314177,2.0
1765024578.7421746,2.0
1765024578.752938,2.0
1765024578.7637186,2.0
1765024578.7745094,2.0
1765024578.7852893,2.0
1765024578.796053,2.0
1765024578.8069718,2.0
1765024578.8177264,2.0
1765024578.8285205,2.0
1765024578.8393424,2.0
1765024578.8500779,2.0
1765024578.8608692,2.0
1765024578.8716512,2.0
1765024578.8824246,2.0
1765024578.8932378,2.0
1765024578.9040387,2.0
1765024578.9148798,2.0
1765024578.9258552,2.0
1765024578.9366534,2.0
1765024578.9474506,2.0
1765024578.9582324,2.0
1765024578.9690764,2.0
1765024578.979873,2.0
1765024578.9906883,2.0
1765024579.001467,2.0
1765024579.012409,2.0
1765024579.0232046,2.0
1765024579.034006,2.0
1765024579.04515,2.0
1765024579.056271,2.0
1765024579.0670223,2.0
1765024579.0779035,2.0
1765024579.0886576,2.0
1765024579.0995984,2.0
1765024579.1103532,2.0
1765024579.1211917,2.0
1765024579.133198,2.0
1765024579.1444519,1.0
1765024579.1579943,2.0
1765024579.168691,2.0
1765024579.179452,2.0
1765024579.1902301,2.0
1765024579.2010002,2.0
1765024579.2117658,2.0
1765024579.2227347,2.0
1765024579.233529,2.0
1765024579.2443342,2.0
1765024579.2551308,2.0
1765024579.2658794,2.0
1765024579.2766838,2.0
1765024579.2875664,2.0
1765024579.2983332,2.0
1765024579.3091228,2.0
1765024579.3199165,2.0
1765024579.3306735,2.0
1765024579.341535,2.0
1765024579.3523347,2.0
1765024579.3630767,2.0
1765024579.3738534,2.0
1765024579.384639,2.0
1765024579.3953724,2.0
1765024579.406135,2.0
1765024579.416863,2.0
1765024579.4276538,2.0
1765024579.438443,2.0
1765024579.449199,2.0
1765024579.4600368,2.0
1765024579.470794,2.0
1765024579.4815857,2.0
1765024579.4925537,2.0
1765024579.5032074,2.0
1765024579.5140035,2.0
1765024579.52485,2.0
1765024579.5356264,2.0
1765024579.5464468,2.0
1765024579.5572317,2.0
1765024579.5680096,2.0
1765024579.5788763,2.0
1765024579.5896928,2.0
1765024579.6005962,2.0
1765024579.6114275,2.0
1765024579.622224,2.0
1765024579.6330001,2.0
1765024579.6437948,2.0
1765024579.65484,2.0
1765024579.6657386,2.0
1765024579.676553,2.0
1765024579.6875978,2.0
1765024579.6983716,2.0
1765024579.709168,2.0
1765024579.7201095,2.0
1765024579.7308264,2.0
1765024579.7416105,2.0
1765024579.752532,2.0
1765024579.7632957,2.0
1765024579.7740483,2.0
1765024579.7848425,2.0
1765024579.7956083,2.0
1765024579.8064036,2.0
1765024579.8171163,2.0
1765024579.8279147,2.0
1765024579.8388019,2.0
1765024579.8495586,2.0
1765024579.8604941,2.0
1765024579.8712971,2.0
1765024579.8820486,2.0
1765024579.8928723,2.0
1765024579.9037127,2.0
1765024579.9144883,2.0
1765024579.9253206,2.0
1765024579.936126,2.0
1765024579.9469364,2.0
1765024579.9577227,2.0
1765024579.9684627,2.0
1765024579.9792845,2.0
1765024579.989958,2.0
1765024580.000715,2.0
1765024580.0116086,2.0
1765024580.022356,2.0
1765024580.033111,2.0
1765024580.0438683,2.0
1765024580.0546288,2.0
1765024580.0654233,2.0
1765024580.076155,2.0
1765024580.0869782,2.0
1765024580.0976884,2.0
1765024580.1084619,2.0
1765024580.1192505,2.0
1765024580.131311,2.0
1765024580.1420972,2.0
1765024580.1529493,2.0
1765024580.1636913,2.0
1765024580.1744723,2.0
1765024580.1852317,2.0
1765024580.1959653,2.0
1765024580.2066772,2.0
1765024580.2174098,2.0
1765024580.2283106,2.0
1765024580.2390041,2.0
1765024580.2497544,2.0
1765024580.260539,2.0
1765024580.2712212,2.0
1765024580.2819853,2.0
1765024580.2927024,2.0
1765024580.3034875,2.0
1765024580.3141804,2.0
1765024580.3249557,2.0
1765024580.335684,2.0
1765024580.3463724,2.0
1765024580.3572211,2.0
1765024580.3679342,2.0
1765024580.378718,2.0
1765024580.3894103,2.0
1765024580.4000921,2.0
1765024580.410927,2.0
1765024580.4216352,2.0
1765024580.4324064,2.0
1765024580.443136,2.0
1765024580.4539168,2.0
1765024580.4646146,2.0
1765024580.4753323,2.0
1765024580.4860606,2.0
1765024580.4970112,2.0
1765024580.5076916,2.0
1765024580.5184698,2.0
1765024580.529241,2.0
1765024580.5400205,2.0
1765024580.5507877,2.0
1765024580.5615168,2.0
1765024580.572302,2.0
1765024580.5830235,2.0
1765024580.5937426,2.0
1765024580.6076682,2.0
1765024580.6181958,2.0
1765024580.6289542,2.0
1765024580.6396742,2.0
1765024580.6506076,2.0
1765024580.6613855,2.0
1765024580.6721382,2.0
1765024580.6831713,2.0
1765024580.6938562,2.0
1765024580.7046216,2.0
1765024580.715492,2.0
1765024580.7262933,2.0
1765024580.7369933,2.0
1765024580.7477515,2.0
1765024580.7585044,2.0
1765024580.769231,2.0
1765024580.7800975,2.0
1765024580.790814,2.0
1765024580.801566,2.0
1765024580.8123927,2.0
1765024580.8232324,2.0
1765024580.8339727,2.0
1765024580.8446813,2.0
1765024580.8554165,2.0
1765024580.8661845,2.0
1765024580.8769302,2.0
1765024580.887694,2.0
1765024580.898478,2.0
1765024580.9092286,2.0
1765024580.9199667,2.0
1765024580.930728,2.0
1765024580.9414907,2.0
1765024580.9522176,2.0
1765024580.9629447,2.0
1765024580.9737267,2.0
1765024580.9844382,2.0
1765024580.99519,2.0
1765024581.0059552,2.0
1765024581.0166614,2.0
1765024581.027449,2.0
1765024581.0381267,2.0
1765024581.049074,2.0
1765024581.0600274,2.0
1765024581.070717,2.0
1765024581.081545,2.0
1765024581.09362,2.0
1765024581.1041803,2.0
1765024581.1150181,2.0
1765024581.125844,2.0
1765024581.1370869,2.0
1765024581.1479213,2.0
1765024581.1586494,2.0
1765024581.1693947,2.0
1765024581.180092,2.0
1765024581.1908922,2.0
1765024581.2016096,2.0
1765024581.2127144,2.0
1765024581.2233996,2.0
1765024581.2341194,2.0
1765024581.2448087,2.0
1765024581.2554784,2.0
1765024581.2661855,2.0
1765024581.2768784,2.0
1765024581.2875667,2.0
1765024581.2982254,2.0
1765024581.3153377,1.0
1765024581.3293445,1.0
1765024581.3397102,2.0
1765024581.35032,2.0
1765024581.3610542,2.0
1765024581.3717465,2.0
1765024581.382475,2.0
1765024581.393318,2.0
1765024581.4039996,2.0
1765024581.4147072,2.0
1765024581.425538,2.0
1765024581.4363253,2.0
1765024581.4470503,2.0
1765024581.4577775,2.0
1765024581.4684646,2.0
1765024581.4791589,2.0
1765024581.4899805,2.0
1765024581.5006053,2.0
1765024581.5113046,2.0
1765024581.5221405,2.0
1765024581.5328677,2.0
1765024581.5435584,2.0
1765024581.554268,2.0
1765024581.5650043,2.0
1765024581.5757494,2.0
1765024581.5865557,2.0
1765024581.597241,2.0
1765024581.6079202,2.0
1765024581.6186373,2.0
1765024581.6294758,2.0
1765024581.6401165,2.0
1765024581.655852,1.0
1765024581.669548,1.0
1765024581.679955,2.0
1765024581.6906486,2.0
1765024581.7013075,2.0
1765024581.7120078,2.0
1765024581.722779,2.0
1765024581.7335162,2.0
1765024581.7442088,2.0
1765024581.7549136,2.0
1765024581.7656312,2.0
1765024581.7762861,2.0
1765024581.787129,2.0
1765024581.7978234,2.0
1765024581.8085747,2.0
1765024581.819297,2.0
1765024581.8300135,2.0
1765024581.840718,2.0
1765024581.8513498,2.0
1765024581.8620417,2.0
1765024581.8727417,2.0
1765024581.883441,2.0
1765024581.8940952,2.0
1765024581.9048007,2.0
1765024581.915504,2.0
1765024581.9261942,2.0
1765024581.9369516,2.0
1765024581.9476683,2.0
1765024581.9583645,2.0
1765024581.9690409,2.0
1765024581.9798732,2.0
1765024581.990676,2.0
1765024582.001383,2.0
1765024582.0121198,2.0
1765024582.0229616,2.0
1765024582.0336807,2.0
1765024582.0443661,2.0
1765024582.0550857,2.0
1765024582.0659564,2.0
1765024582.0766578,2.0
1765024582.087364,2.0
1765024582.0980508,2.0
1765024582.1088483,2.0
1765024582.1195652,2.0
1765024582.1315596,2.0
1765024582.1426516,2.0
1765024582.1533165,2.0
1765024582.1640446,2.0
1765024582.1747847,2.0
1765024582.1855114,2.0
1765024582.1963015,2.0
1765024582.2070217,2.0
1765024582.2177567,2.0
1765024582.2285779,2.0
1765024582.2392845,2.0
1765024582.2500336,2.0
1765024582.2608654,2.0
1765024582.271571,2.0
1765024582.2823024,2.0
1765024582.2930381,2.0
1765024582.3037477,2.0
1765024582.314461,2.0
1765024582.3251126,2.0
1765024582.3358214,2.0
1765024582.3465023,2.0
1765024582.3572242,2.0
1765024582.367929,2.0
1765024582.3786795,2.0
1765024582.3893952,2.0
1765024582.4000843,2.0
1765024582.4108167,2.0
1765024582.42153,2.0
1765024582.4322278,2.0
1765024582.4429576,2.0
1765024582.4536288,2.0
1765024582.464347,2.0
1765024582.4750986,2.0
1765024582.4859385,2.0
1765024582.4968076,2.0
1765024582.507527,2.0
1765024582.518235,2.0
1765024582.5290003,2.0
1765024582.5397232,2.0
1765024582.5504699,2.0
1765024582.5611346,2.0
1765024582.5719643,2.0
1765024582.5826628,2.0
1765024582.5933845,2.0
1765024582.6040804,2.0
1765024582.6148033,2.0
1765024582.625554,2.0
1765024582.6362371,2.0
1765024582.6504402,2.0
1765024582.6615834,1.0
1765024582.672803,2.0
1765024582.6835713,2.0
1765024582.694465,2.0
1765024582.7051613,2.0
1765024582.715896,2.0
1765024582.7267962,2.0
1765024582.7390454,2.0
1765024582.7497683,2.0
1765024582.760601,2.0
1765024582.7715561,2.0
1765024582.782341,2.0
1765024582.7931077,2.0
1765024582.8039978,2.0
1765024582.8147523,2.0
1765024582.8255234,2.0
1765024582.8363464,2.0
1765024582.8472376,2.0
1765024582.8580253,2.0
1765024582.868778,2.0
1765024582.8796473,2.0
1765024582.8904002,2.0
1765024582.9012938,2.0
1765024582.9120402,2.0
1765024582.9228227,2.0
1765024582.9336188,2.0
1765024582.9443405,2.0
1765024582.9551136,2.0
1765024582.9658802,2.0
1765024582.976666,2.0
1765024582.9874294,2.0
1765024582.9982107,2.0
1765024583.0089788,2.0
1765024583.0197504,2.0
1765024583.0306149,2.0
1765024583.0414116,2.0
1765024583.0523129,2.0
1765024583.0632458,2.0
1765024583.0739703,2.0
1765024583.0848033,2.0
1765024583.095545,2.0
1765024583.1063032,2.0
1765024583.1170816,2.0
1765024583.1291559,2.0
1765024583.1399643,2.0
1765024583.1507623,2.0
1765024583.1615386,2.0
1765024583.1723258,2.0
1765024583.1831267,2.0
1765024583.1940203,2.0
1765024583.2047198,2.0
1765024583.2154737,2.0
1765024583.2262151,2.0
1765024583.236959,2.0
1765024583.2477229,2.0
1765024583.2589445,2.0
1765024583.269613,2.0
1765024583.2803733,2.0
1765024583.2910993,2.0
1765024583.3019004,2.0
1765024583.312639,2.0
1765024583.3234959,2.0
1765024583.3342195,2.0
1765024583.3450637,2.0
1765024583.3558025,2.0
1765024583.3665578,2.0
1765024583.37735,2.0
1765024583.3880908,2.0
1765024583.3988621,2.0
1765024583.4095967,2.0
1765024583.4203792,2.0
1765024583.4311342,2.0
1765024583.4418595,2.0
1765024583.4526515,2.0
1765024583.4633799,2.0
1765024583.474122,2.0
1765024583.4848604,2.0
1765024583.4957206,2.0
1765024583.5064495,2.0
1765024583.5173268,2.0
1765024583.5280323,2.0
1765024583.5389342,2.0
1765024583.5495553,2.0
1765024583.5603786,2.0
1765024583.5711572,2.0
1765024583.5819001,2.0
1765024583.5926967,2.0
1765024583.6034033,2.0
1765024583.61431,2.0
1765024583.6250336,2.0
1765024583.6357856,2.0
1765024583.6467135,2.0
1765024583.6574001,2.0
1765024583.6681838,2.0
1765024583.6788967,2.0
1765024583.6897674,2.0
1765024583.7004268,2.0
1765024583.7112331,2.0
1765024583.7222166,2.0
1765024583.732875,2.0
1765024583.743629,2.0
1765024583.7542343,2.0
1765024583.764862,2.0
1765024583.7754428,2.0
1765024583.7861223,2.0
1765024583.7967062,2.0
1765024583.807251,2.0
1765024583.8178349,2.0
1765024583.8284774,2.0
1765024583.8390765,2.0
1765024583.8496523,2.0
1765024583.8603098,2.0
1765024583.8708763,2.0
1765024583.881442,2.0
1765024583.8920305,2.0
1765024583.9025981,2.0
1765024583.9133425,2.0
1765024583.9239347,2.0
1765024583.9345465,2.0
1765024583.945143,2.0
1765024583.9557369,2.0
1765024583.9664512,2.0
1765024583.9771278,2.0
1765024583.987753,2.0
1765024583.9984353,2.0
1765024584.0090992,2.0
1765024584.0197136,2.0
1765024584.0303214,2.0
1765024584.040945,2.0
1765024584.0515566,2.0
1765024584.062451,2.0
1765024584.073031,2.0
1765024584.083663,2.0
1765024584.094319,2.0
1765024584.1049042,2.0
1765024584.1155064,2.0
1765024584.1261091,2.0
1765024584.1382089,2.0
1765024584.1490104,2.0
1765024584.1596632,2.0
1765024584.1702564,2.0
1765024584.180892,2.0
1765024584.1914973,2.0
1765024584.2020996,2.0
1765024584.2127333,2.0
1765024584.2233098,2.0
1765024584.2339323,2.0
1765024584.244894,2.0
1765024584.2554908,2.0
1765024584.266095,2.0
1765024584.2767193,2.0
1765024584.2874072,2.0
1765024584.298152,2.0
1765024584.3087418,2.0
1765024584.3193414,2.0
1765024584.3299632,2.0
1765024584.3406034,2.0
1765024584.3512537,2.0
1765024584.3618197,2.0
1765024584.3724263,2.0
1765024584.3830378,2.0
1765024584.3937888,2.0
1765024584.4044003,2.0
1765024584.4150105,2.0
1765024584.425628,2.0
1765024584.4362786,2.0
1765024584.4469066,2.0
1765024584.457491,2.0
1765024584.4681313,2.0
1765024584.47875,2.0
1765024584.4894848,2.0
1765024584.5000844,2.0
1765024584.5107007,2.0
1765024584.5213327,2.0
1765024584.5320501,2.0
1765024584.5427406,2.0
1765024584.5533526,2.0
1765024584.5639558,2.0
1765024584.5745664,2.0
1765024584.585186,2.0
1765024584.595854,2.0
1765024584.6064632,2.0
1765024584.617145,2.0
1765024584.627735,2.0
1765024584.638372,2.0
1765024584.6491003,2.0
1765024584.6596658,2.0
1765024584.6703,2.0
1765024584.6809874,2.0
1765024584.6917005,2.0
1765024584.7023578,2.0
1765024584.7129784,2.0
1765024584.723688,2.0
1765024584.7343478,2.0
1765024584.744957,2.0
1765024584.75562,2.0
1765024584.7662754,2.0
1765024584.7768726,2.0
1765024584.7874465,2.0
1765024584.7981746,2.0
1765024584.808794,2.0
1765024584.8193948,2.0
1765024584.8300376,2.0
1765024584.8406537,2.0
1765024584.851224,2.0
1765024584.8618164,2.0
1765024584.8725066,2.0
1765024584.8831089,2.0
1765024584.8937054,2.0
1765024584.904328,2.0
1765024584.915001,2.0
1765024584.9255986,2.0
1765024584.9361928,2.0
1765024584.9469206,2.0
1765024584.9575214,2.0
1765024584.968122,2.0
1765024584.978844,2.0
1765024584.9894602,2.0
1765024585.0001357,2.0
1765024585.0107007,2.0
1765024585.0213516,2.0
1765024585.0320928,2.0
1765024585.0427377,2.0
1765024585.0535648,2.0
1765024585.0643678,2.0
1765024585.0750053,2.0
1765024585.0859811,2.0
1765024585.0966039,2.0
1765024585.1071835,2.0
1765024585.1178386,2.0
1765024585.1296387,2.0
1765024585.140331,2.0
1765024585.1509264,2.0
1765024585.1615329,2.0
1765024585.1721218,2.0
1765024585.182816,2.0
1765024585.193561,2.0
1765024585.2041621,2.0
1765024585.214814,2.0
1765024585.225537,2.0
1765024585.2361615,2.0
1765024585.246754,2.0
1765024585.2574506,2.0
1765024585.2680619,2.0
1765024585.2786996,2.0
1765024585.2893515,2.0
1765024585.2999654,2.0
1765024585.310831,2.0
1765024585.3215122,2.0
1765024585.3321946,2.0
1765024585.342819,2.0
1765024585.35348,2.0
1765024585.3641076,2.0
1765024585.3747802,2.0
1765024585.3854694,2.0
1765024585.3960621,2.0
1765024585.4067914,2.0
1765024585.4175525,2.0
1765024585.4281514,2.0
1765024585.4387746,2.0
1765024585.4494672,2.0
1765024585.460083,2.0
1765024585.4707966,2.0
1765024585.4814577,2.0
1765024585.492129,2.0
1765024585.5027678,2.0
1765024585.5133853,2.0
1765024585.5240133,2.0
1765024585.5346413,2.0
1765024585.5452416,2.0
1765024585.556014,2.0
1765024585.566627,2.0
1765024585.5772731,2.0
1765024585.5878832,2.0
1765024585.5985382,2.0
1765024585.6091986,2.0
1765024585.6198082,2.0
1765024585.6304827,2.0
1765024585.6410697,2.0
1765024585.6518877,2.0
1765024585.6625051,2.0
1765024585.6731203,2.0
1765024585.6838434,2.0
1765024585.6945643,2.0
1765024585.7051914,2.0
1765024585.7157924,2.0
1765024585.7265396,2.0
1765024585.7371857,2.0
1765024585.7478254,2.0
1765024585.7585804,2.0
1765024585.769212,2.0
1765024585.7798188,2.0
1765024585.7904563,2.0
1765024585.8010783,2.0
1765024585.8117604,2.0
1765024585.8223817,2.0
1765024585.8329906,2.0
1765024585.8436055,2.0
1765024585.8542871,2.0
1765024585.8648481,2.0
1765024585.8757026,2.0
1765024585.8863344,2.0
1765024585.8970354,2.0
1765024585.9077024,2.0
1765024585.9183912,2.0
1765024585.9290771,2.0
1765024585.9397879,2.0
1765024585.9504843,2.0
1765024585.9611459,2.0
1765024585.9719784,2.0
1765024585.9828546,2.0
1765024585.9935236,2.0
1765024586.0042386,2.0
1765024586.0149767,2.0
1765024586.0256526,2.0
1765024586.0363648,2.0
1765024586.0469987,2.0
1765024586.0576587,2.0
1765024586.068676,2.0
1765024586.079331,2.0
1765024586.0900476,2.0
1765024586.1008768,2.0
1765024586.111557,2.0
1765024586.1224644,2.0
1765024586.1343293,2.0
1765024586.1454387,2.0
1765024586.1561363,2.0
1765024586.1668189,2.0
1765024586.1775267,2.0
1765024586.1881666,2.0
1765024586.207033,2.0
1765024586.217566,2.0
1765024586.2281878,2.0
1765024586.238958,2.0
1765024586.2496412,2.0
1765024586.260448,2.0
1765024586.2713706,2.0
1765024586.282057,2.0
1765024586.2927656,2.0
1765024586.3034813,2.0
1765024586.3141737,2.0
1765024586.3248308,2.0
1765024586.3355074,2.0
1765024586.3464355,2.0
1765024586.357088,2.0
1765024586.367808,2.0
1765024586.3785372,2.0
1765024586.3892891,2.0
1765024586.3999374,2.0
1765024586.410672,2.0
1765024586.4213617,2.0
1765024586.4320314,2.0
1765024586.4427583,2.0
1765024586.4534712,2.0
1765024586.4641652,2.0
1765024586.4748523,2.0
1765024586.4855347,2.0
1765024586.496323,2.0
1765024586.5069785,2.0
1765024586.5176995,2.0
1765024586.5283766,2.0
1765024586.5390377,2.0
1765024586.5497897,2.0
1765024586.5604358,2.0
1765024586.571112,2.0
1765024586.581809,2.0
1765024586.5925102,2.0
1765024586.6032298,2.0
1765024586.6139605,2.0
1765024586.6247401,2.0
1765024586.6355088,2.0
1765024586.646402,2.0
1765024586.6572948,2.0
1765024586.6679468,2.0
1765024586.6788857,2.0
1765024586.6896908,2.0
1765024586.7003636,2.0
1765024586.7110488,2.0
1765024586.721989,2.0
1765024586.7326193,2.0
1765024586.7433057,2.0
1765024586.7541404,2.0
1765024586.7648127,2.0
1765024586.7756057,2.0
1765024586.7863185,2.0
1765024586.7971582,2.0
1765024586.807846,2.0
1765024586.8184948,2.0
1765024586.8291647,2.0
1765024586.8399408,2.0
1765024586.850708,2.0
1765024586.8613605,2.0
1765024586.8722274,2.0
1765024586.8829463,2.0
1765024586.8936422,2.0
1765024586.9043212,2.0
1765024586.9149883,2.0
1765024586.9256716,2.0
1765024586.9363334,2.0
1765024586.9471788,2.0
1765024586.9578447,2.0
1765024586.9685464,2.0
1765024586.979196,2.0
1765024586.9899302,2.0
1765024587.0006733,2.0
1765024587.0113595,2.0
1765024587.0220804,2.0
1765024587.0327866,2.0
1765024587.0434706,2.0
1765024587.0546045,2.0
1765024587.0654376,2.0
1765024587.076072,2.0
1765024587.0868886,2.0
1765024587.0976372,2.0
1765024587.1083333,2.0
1765024587.1191354,2.0
1765024587.131191,2.0
1765024587.1420786,2.0
1765024587.1530075,2.0
1765024587.1636703,2.0
1765024587.174353,2.0
1765024587.1851954,2.0
1765024587.1959648,2.0
1765024587.2066395,2.0
1765024587.2173629,2.0
1765024587.2280316,2.0
1765024587.238738,2.0
1765024587.2493713,2.0
1765024587.2600021,2.0
1765024587.2708406,2.0
1765024587.2815166,2.0
1765024587.2922227,2.0
1765024587.302915,2.0
1765024587.3136346,2.0
1765024587.324466,2.0
1765024587.335101,2.0
1765024587.346004,2.0
1765024587.3567746,2.0
1765024587.3674738,2.0
1765024587.378122,2.0
1765024587.38884,2.0
1765024587.399556,2.0
1765024587.4102407,2.0
1765024587.4209523,2.0
1765024587.4316888,2.0
1765024587.442414,2.0
1765024587.4531093,2.0
1765024587.4637592,2.0
1765024587.4744048,2.0
1765024587.4852066,2.0
1765024587.4960716,2.0
1765024587.5067637,2.0
1765024587.5174868,2.0
1765024587.528165,2.0
1765024587.5388334,2.0
1765024587.5496004,2.0
1765024587.5603251,2.0
1765024587.5710144,2.0
1765024587.5817122,2.0
1765024587.5923777,2.0
1765024587.603048,2.0
1765024587.613742,2.0
1765024587.6244295,2.0
1765024587.6351252,2.0
1765024587.646195,2.0
1765024587.6568563,2.0
1765024587.6675365,2.0
1765024587.678353,2.0
1765024587.6891873,2.0
1765024587.699844,2.0
1765024587.71053,2.0
1765024587.7213147,2.0
1765024587.7320147,2.0
1765024587.7427244,2.0
1765024587.7533934,2.0
1765024587.7640622,2.0
1765024587.7749307,2.0
1765024587.7855957,2.0
1765024587.7963545,2.0
1765024587.8070462,2.0
1765024587.81773,2.0
1765024587.8284128,2.0
1765024587.8391602,2.0
1765024587.849815,2.0
1765024587.8605025,2.0
1765024587.8711655,2.0
1765024587.8818314,2.0
1765024587.8924992,2.0
1765024587.9031825,2.0
1765024587.9138236,2.0
1765024587.9245045,2.0
1765024587.9353275,2.0
1765024587.946144,2.0
1765024587.9568582,2.0
1765024587.9675376,2.0
1765024587.9782147,2.0
1765024587.988925,2.0
1765024587.9998324,2.0
1765024588.0105162,2.0
1765024588.0213106,2.0
1765024588.031947,2.0
1765024588.0428312,2.0
1765024588.0534873,2.0
1765024588.06419,2.0
1765024588.0749156,2.0
1765024588.0858138,2.0
1765024588.096534,2.0
1765024588.1072016,2.0
1765024588.117953,2.0
1765024588.1297355,2.0
1765024588.1404471,2.0
1765024588.1511965,2.0
1765024588.1619098,2.0
1765024588.172779,2.0
1765024588.1834636,2.0
1765024588.194104,2.0
1765024588.2047806,2.0
1765024588.2154644,2.0
1765024588.2261536,2.0
1765024588.236842,2.0
1765024588.247477,2.0
1765024588.2582397,2.0
1765024588.2689054,2.0
1765024588.2796228,2.0
1765024588.2903004,2.0
1765024588.3009968,2.0
1765024588.3117208,2.0
1765024588.3223896,2.0
1765024588.333093,2.0
1765024588.3437614,2.0
1765024588.354423,2.0
1765024588.3650954,2.0
1765024588.375784,2.0
1765024588.3864985,2.0
1765024588.3972135,2.0
1765024588.4080586,2.0
1765024588.418726,2.0
1765024588.4293816,2.0
1765024588.440309,2.0
1765024588.4509757,2.0
1765024588.4616838,2.0
1765024588.4725046,2.0
1765024588.4831085,2.0
1765024588.4940677,2.0
1765024588.504774,2.0
1765024588.515581,2.0
1765024588.5263202,2.0
1765024588.537142,2.0
1765024588.5479884,2.0
1765024588.558704,2.0
1765024588.5693665,2.0
1765024588.5801053,2.0
1765024588.590791,2.0
1765024588.6014955,2.0
1765024588.6121895,2.0
1765024588.62288,2.0
1765024588.6335976,2.0
1765024588.6443272,2.0
1765024588.655153,2.0
1765024588.6658149,2.0
1765024588.676522,2.0
1765024588.6874547,2.0
1765024588.6981423,2.0
1765024588.7087798,2.0
1765024588.719715,2.0
1765024588.7304697,2.0
1765024588.74114,2.0
1765024588.7518427,2.0
1765024588.7625587,2.0
1765024588.7733305,2.0
1765024588.7839918,2.0
1765024588.794685,2.0
1765024588.805369,2.0
1765024588.816039,2.0
1765024588.8268347,2.0
1765024588.8375564,2.0
1765024588.848268,2.0
1765024588.858973,2.0
1765024588.8696196,2.0
1765024588.880364,2.0
1765024588.8910346,2.0
1765024588.9017365,2.0
1765024588.9124138,2.0
1765024588.9232545,2.0
1765024588.933942,2.0
1765024588.944822,2.0
1765024588.9555182,2.0
1765024588.9662197,2.0
1765024588.9768713,2.0
1765024588.98759,2.0
1765024588.9983313,2.0
1765024589.008976,2.0
1765024589.0196989,2.0
1765024589.0303898,2.0
1765024589.0412905,2.0
1765024589.0519671,2.0
1765024589.0628333,2.0
1765024589.0737119,2.0
1765024589.0843742,2.0
1765024589.0996785,2.0
1765024589.1124768,2.0
1765024589.1230955,2.0
1765024589.135447,2.0
1765024589.1460834,2.0
1765024589.1568391,2.0
1765024589.1675823,2.0
1765024589.1782832,2.0
1765024589.1889665,2.0
1765024589.1997778,2.0
1765024589.2108498,2.0
1765024589.2217002,2.0
1765024589.2326863,2.0
1765024589.2435226,2.0
1765024589.2542927,2.0
1765024589.2650797,2.0
1765024589.275887,2.0
1765024589.286663,2.0
1765024589.2974386,2.0
1765024589.3082519,2.0
1765024589.3190508,2.0
1765024589.32999,2.0
1765024589.3408003,2.0
1765024589.3516092,2.0
1765024589.3625894,2.0
1765024589.3733838,2.0
1765024589.3841927,2.0
1765024589.3950195,2.0
1765024589.4059415,2.0
1765024589.4166973,2.0
1765024589.4274988,2.0
1765024589.4382796,2.0
1765024589.4490554,2.0
1765024589.4598727,2.0
1765024589.4706616,2.0
1765024589.4814498,2.0
1765024589.4923565,2.0
1765024589.5030527,2.0
1765024589.5138507,2.0
1765024589.5246475,2.0
1765024589.5353124,2.0
1765024589.5460837,2.0
1765024589.5568867,2.0
1765024589.5678556,2.0
1765024589.5786128,2.0
1765024589.5894182,2.0
1765024589.6003573,2.0
1765024589.6111495,2.0
1765024589.6219618,2.0
1765024589.6327882,2.0
1765024589.6435993,2.0
1765024589.6545148,2.0
1765024589.6652355,2.0
1765024589.6760316,2.0
1765024589.686989,2.0
1765024589.6977005,2.0
1765024589.7084749,2.0
1765024589.719377,2.0
1765024589.7302992,2.0
1765024589.7410185,2.0
1765024589.7517903,2.0
1765024589.7625077,2.0
1765024589.773301,2.0
1765024589.7840178,2.0
1765024589.7947433,2.0
1765024589.8055873,2.0
1765024589.81628,2.0
1765024589.8271873,2.0
1765024589.8378978,2.0
1765024589.8487182,2.0
1765024589.859449,2.0
1765024589.8702035,2.0
1765024589.880978,2.0
1765024589.8917072,2.0
1765024589.9024591,2.0
1765024589.9132118,2.0
1765024589.9239578,2.0
1765024589.9346435,2.0
1765024589.9453914,2.0
1765024589.9563072,2.0
1765024589.9670131,2.0
1765024589.9805424,2.0
1765024589.9913952,2.0
1765024590.0021393,2.0
1765024590.012839,2.0
1765024590.0235898,2.0
1765024590.0343418,2.0
1765024590.0451138,2.0
1765024590.0558167,2.0
1765024590.066454,2.0
1765024590.0774913,2.0
1765024590.0883727,2.0
1765024590.0990865,2.0
1765024590.10986,2.0
1765024590.1205952,2.0
1765024590.1326587,2.0
1765024590.1434288,2.0
1765024590.1542904,2.0
1765024590.1650136,2.0
1765024590.175763,2.0
1765024590.1864755,2.0
1765024590.1971288,2.0
1765024590.2078388,2.0
1765024590.218555,2.0
1765024590.2292516,2.0
1765024590.239978,2.0
1765024590.250687,2.0
1765024590.261436,2.0
1765024590.2721665,2.0
1765024590.2828596,2.0
1765024590.293838,2.0
1765024590.3045733,2.0
1765024590.3153021,2.0
1765024590.326011,2.0
1765024590.336778,2.0
1765024590.3474715,2.0
1765024590.3581696,2.0
1765024590.3689044,2.0
1765024590.379656,2.0
1765024590.3904412,2.0
1765024590.4011536,2.0
1765024590.4120865,2.0
1765024590.422789,2.0
1765024590.433498,2.0
1765024590.4442933,2.0
1765024590.4551885,2.0
1765024590.465871,2.0
1765024590.476583,2.0
1765024590.4873433,2.0
1765024590.4983194,2.0
1765024590.5090399,2.0
1765024590.5197992,2.0
1765024590.5305,2.0
1765024590.5412314,2.0
1765024590.5519936,2.0
1765024590.562759,2.0
1765024590.5735412,2.0
1765024590.5843048,2.0
1765024590.5952144,2.0
1765024590.6059544,2.0
1765024590.6166873,2.0
1765024590.6273928,2.0
1765024590.6381247,2.0
1765024590.6489756,2.0
1765024590.6598482,2.0
1765024590.670503,2.0
1765024590.681253,2.0
1765024590.6920216,2.0
1765024590.7027571,2.0
1765024590.7134724,2.0
1765024590.7242143,2.0
1765024590.7351954,2.0
1765024590.7458892,2.0
1765024590.756627,2.0
1765024590.767371,2.0
1765024590.7781477,2.0
1765024590.7890642,2.0
1765024590.7996714,2.0
1765024590.8105662,2.0
1765024590.8212397,2.0
1765024590.8321838,2.0
1765024590.8429902,2.0
1765024590.8537295,2.0
1765024590.8644662,2.0
1765024590.8751385,2.0
1765024590.8857687,2.0
1765024590.896463,2.0
1765024590.9071944,2.0
1765024590.9179213,2.0
1765024590.9286475,2.0
1765024590.9394896,2.0
1765024590.950183,2.0
1765024590.9609969,2.0
1765024590.9715672,2.0
1765024590.9823682,2.0
1765024590.992977,2.0
1765024591.0035875,2.0
1765024591.0141945,2.0
1765024591.024939,2.0
1765024591.0355804,2.0
1765024591.046436,2.0
1765024591.0570621,2.0
1765024591.0677745,2.0
1765024591.07853,2.0
1765024591.0891593,2.0
1765024591.0997949,2.0
1765024591.1104064,2.0
1765024591.1212502,2.0
1765024591.1332397,2.0
1765024591.1438854,2.0
1765024591.154871,2.0
1765024591.1655202,2.0
1765024591.1761832,2.0
1765024591.1867461,2.0
1765024591.1974115,2.0
1765024591.2079937,2.0
1765024591.218718,2.0
1765024591.2293313,2.0
1765024591.239959,2.0
1765024591.2508292,2.0
1765024591.261502,2.0
1765024591.272142,2.0
1765024591.282765,2.0
1765024591.2934277,2.0
1765024591.30402,2.0
1765024591.3146403,2.0
1765024591.3252814,2.0
1765024591.3358536,2.0
1765024591.3465006,2.0
1765024591.3570924,2.0
1765024591.3679395,2.0
1765024591.378732,2.0
1765024591.3893318,2.0
1765024591.3999236,2.0
1765024591.4106688,2.0
1765024591.4212847,2.0
1765024591.431938,2.0
1765024591.4424875,2.0
1765024591.4532073,2.0
1765024591.4638774,2.0
1765024591.47444,2.0
1765024591.4850695,2.0
1765024591.4957018,2.0
1765024591.5062797,2.0
1765024591.5170372,2.0
1765024591.5276675,2.0
1765024591.5383132,2.0
1765024591.549101,2.0
1765024591.5596738,2.0
1765024591.5702472,2.0
1765024591.580825,2.0
1765024591.5914528,2.0
1765024591.6020322,2.0
1765024591.6126323,2.0
1765024591.62324,2.0
1765024591.634048,2.0
1765024591.6446788,2.0
1765024591.6553934,2.0
1765024591.6661665,2.0
1765024591.6767712,2.0
1765024591.6875486,2.0
1765024591.6981132,2.0
1765024591.7086856,2.0
1765024591.719321,2.0
1765024591.7300496,2.0
1765024591.7405908,2.0
1765024591.7511842,2.0
1765024591.7618108,2.0
1765024591.772395,2.0
1765024591.7831283,2.0
1765024591.7937205,2.0
1765024591.8043387,2.0
1765024591.814948,2.0
1765024591.8255427,2.0
1765024591.8361368,2.0
1765024591.846757,2.0
1765024591.8573368,2.0
1765024591.867951,2.0
1765024591.878814,2.0
1765024591.8894546,2.0
1765024591.9000678,2.0
1765024591.9107227,2.0
1765024591.9213684,2.0
1765024591.9319327,2.0
1765024591.9424834,2.0
1765024591.9530702,2.0
1765024591.963738,2.0
1765024591.9743688,2.0
1765024591.984968,2.0
1765024591.995575,2.0
1765024592.0063014,2.0
1765024592.016881,2.0
1765024592.0274975,2.0
1765024592.0382235,2.0
1765024592.0488093,2.0
1765024592.0594137,2.0
1765024592.0699627,2.0
1765024592.080629,2.0
1765024592.0912719,2.0
1765024592.1024163,2.0
1765024592.1130087,2.0
1765024592.1236198,2.0
1765024592.1351333,2.0
1765024592.1461017,2.0
1765024592.15671,2.0
1765024592.1672957,2.0
1765024592.1780822,2.0
1765024592.188754,2.0
1765024592.1993496,2.0
1765024592.2100117,2.0
1765024592.2205727,2.0
1765024592.2313294,2.0
1765024592.2419436,2.0
1765024592.2525606,2.0
1765024592.263312,2.0
1765024592.2738652,2.0
1765024592.284457,2.0
1765024592.2950153,2.0
1765024592.3057287,2.0
1765024592.3164933,2.0
1765024592.3271112,2.0
1765024592.337866,2.0
1765024592.348576,2.0
1765024592.3591592,2.0
1765024592.369779,2.0
1765024592.3805232,2.0
1765024592.3911214,2.0
1765024592.40174,2.0
1765024592.4123626,2.0
1765024592.4231017,2.0
1765024592.4337165,2.0
1765024592.4442892,2.0
1765024592.455046,2.0
1765024592.465641,2.0
1765024592.4762278,2.0
1765024592.4870384,2.0
1765024592.4978027,2.0
1765024592.5084279,2.0
1765024592.5190334,2.0
1765024592.5296082,2.0
1765024592.5402162,2.0
1765024592.550799,2.0
1765024592.5614169,2.0
1765024592.5721664,2.0
1765024592.5827553,2.0
1765024592.5933545,2.0
1765024592.6040835,2.0
1765024592.6146512,2.0
1765024592.6253347,2.0
1765024592.6359026,2.0
1765024592.6465578,2.0
1765024592.6572046,2.0
1765024592.6678166,2.0
1765024592.6784132,2.0
1765024592.689239,2.0
1765024592.700007,2.0
1765024592.7107656,2.0
1765024592.721452,2.0
1765024592.7320983,2.0
1765024592.7427006,2.0
1765024592.7533817,2.0
1765024592.7642517,2.0
1765024592.774896,2.0
1765024592.7856205,2.0
1765024592.796232,2.0
1765024592.8068728,2.0
1765024592.8177865,2.0
1765024592.82844,2.0
1765024592.8391798,2.0
1765024592.8501072,2.0
1765024592.8607519,2.0
1765024592.8713918,2.0
1765024592.8820908,2.0
1765024592.8927577,2.0
1765024592.903457,2.0
1765024592.9140766,2.0
1765024592.9247804,2.0
1765024592.9354837,2.0
1765024592.9461102,2.0
1765024592.9568036,2.0
1765024592.9675756,2.0
1765024592.9784858,2.0
1765024592.9891472,2.0
1765024592.9997962,2.0
1765024593.010491,2.0
1765024593.0212944,2.0
1765024593.0319488,2.0
1765024593.0425851,2.0
1765024593.0532866,2.0
1765024593.06414,2.0
1765024593.0750403,2.0
1765024593.0856533,2.0
1765024593.096418,2.0
1765024593.1070936,2.0
1765024593.1177745,2.0
1765024593.1298964,2.0
1765024593.140364,2.0
1765024593.1511116,2.0
1765024593.161908,2.0
1765024593.1728363,2.0
1765024593.184,2.0
1765024593.1974328,1.0
1765024593.2078414,2.0
1765024593.2184393,2.0
1765024593.229083,2.0
1765024593.2399225,2.0
1765024593.2506163,2.0
1765024593.2612987,2.0
1765024593.2726412,2.0
1765024593.2832377,2.0
1765024593.2938905,2.0
1765024593.3045511,2.0
1765024593.3152509,2.0
1765024593.325896,2.0
1765024593.3368056,2.0
1765024593.3474636,2.0
1765024593.3581562,2.0
1765024593.368804,2.0
1765024593.3794727,2.0
1765024593.390107,2.0
1765024593.4059598,2.0
1765024593.418316,2.0
1765024593.4289021,2.0
1765024593.4395573,2.0
1765024593.450259,2.0
1765024593.4608467,2.0
1765024593.4715915,2.0
1765024593.4822116,2.0
1765024593.4934466,2.0
1765024593.5039983,2.0
1765024593.5150685,2.0
1765024593.5257,2.0
1765024593.5363836,2.0
1765024593.547065,2.0
1765024593.5578823,2.0
1765024593.5686874,2.0
1765024593.5794222,2.0
1765024593.5901606,2.0
1765024593.6010897,2.0
1765024593.6117954,2.0
1765024593.6225746,2.0
1765024593.6333327,2.0
1765024593.644194,2.0
1765024593.6550615,2.0
1765024593.665839,2.0
1765024593.676437,2.0
1765024593.6873603,2.0
1765024593.6980648,2.0
1765024593.7088192,2.0
1765024593.7199957,2.0
1765024593.7316337,2.0
1765024593.743044,2.0
1765024593.7538054,2.0
1765024593.7646098,2.0
1765024593.7753036,2.0
1765024593.7860668,2.0
1765024593.7968493,2.0
1765024593.8075998,2.0
1765024593.8184035,2.0
1765024593.829148,2.0
1765024593.8414435,2.0
1765024593.8520772,2.0
1765024593.8629012,2.0
1765024593.8736742,2.0
1765024593.8844578,2.0
1765024593.895251,2.0
1765024593.9060106,2.0
1765024593.916777,2.0
1765024593.92749,2.0
1765024593.9382522,2.0
1765024593.9490254,2.0
1765024593.9597762,2.0
1765024593.97047,2.0
1765024593.981253,2.0
1765024593.992052,2.0
1765024594.0028403,2.0
1765024594.013582,2.0
1765024594.0243368,2.0
1765024594.0351112,2.0
1765024594.0458868,2.0
1765024594.0566602,2.0
1765024594.0674427,2.0
1765024594.0784173,2.0
1765024594.0891016,2.0
1765024594.099871,2.0
1765024594.1106188,2.0
1765024594.1215885,2.0
1765024594.1327808,2.0
1765024594.1437173,2.0
1765024594.1544533,2.0
1765024594.165194,2.0
1765024594.1760259,2.0
1765024594.1868255,2.0
1765024594.1976225,2.0
1765024594.208363,2.0
1765024594.2190957,2.0
1765024594.229814,2.0
1765024594.240602,2.0
1765024594.251343,2.0
1765024594.2621522,2.0
1765024594.2729206,2.0
1765024594.2837527,2.0
1765024594.2945316,2.0
1765024594.3052735,2.0
1765024594.3160458,2.0
1765024594.3268297,2.0
1765024594.3375835,2.0
1765024594.3485343,2.0
1765024594.3592384,2.0
1765024594.3700228,2.0
1765024594.3808255,2.0
1765024594.3917277,2.0
1765024594.4024365,2.0
1765024594.4132812,2.0
1765024594.4239988,2.0
1765024594.4348636,2.0
1765024594.4456635,2.0
1765024594.4564457,2.0
1765024594.4671965,2.0
1765024594.4779525,2.0
1765024594.4887314,2.0
1765024594.4995444,2.0
1765024594.5105367,2.0
1765024594.5214393,2.0
1765024594.5321546,2.0
1765024594.542923,2.0
1765024594.553653,2.0
1765024594.5643673,2.0
1765024594.575298,2.0
1765024594.5860224,2.0
1765024594.596831,2.0
1765024594.6077113,2.0
1765024594.6184416,2.0
1765024594.629193,2.0
1765024594.6399636,2.0
1765024594.6512492,2.0
1765024594.6620097,2.0
1765024594.6727772,2.0
1765024594.6838472,2.0
1765024594.6944408,2.0
1765024594.7052207,2.0
1765024594.7159517,2.0
1765024594.726929,2.0
1765024594.7376947,2.0
1765024594.748381,2.0
1765024594.7590785,2.0
1765024594.7698407,2.0
1765024594.7805703,2.0
1765024594.791539,2.0
1765024594.8022382,2.0
1765024594.8130157,2.0
1765024594.823788,2.0
1765024594.8345616,2.0
1765024594.8453228,2.0
1765024594.8560522,2.0
1765024594.8668342,2.0
1765024594.877628,2.0
1765024594.88836,2.0
1765024594.8991113,2.0
1765024594.9098668,2.0
1765024594.9205728,2.0
1765024594.9313397,2.0
1765024594.942079,2.0
1765024594.952798,2.0
1765024594.9635475,2.0
1765024594.9744418,2.0
1765024594.985168,2.0
1765024594.9959478,2.0
1765024595.0066864,2.0
1765024595.0175593,2.0
1765024595.028315,2.0
1765024595.0390284,2.0
1765024595.0498104,2.0
1765024595.0606554,2.0
1765024595.0716462,2.0
1765024595.0826273,2.0
1765024595.093396,2.0
1765024595.1040986,2.0
1765024595.114833,2.0
1765024595.1269915,2.0
1765024595.1378078,2.0
1765024595.1485245,2.0
1765024595.1593845,2.0
1765024595.1701064,2.0
1765024595.1810143,2.0
1765024595.1916986,2.0
1765024595.202337,2.0
1765024595.2129848,2.0
1765024595.2236364,2.0
1765024595.2344453,2.0
1765024595.2450616,2.0
1765024595.255712,2.0
1765024595.266406,2.0
1765024595.2770243,2.0
1765024595.2877119,2.0
1765024595.2983718,2.0
1765024595.30902,2.0
1765024595.319713,2.0
1765024595.3303525,2.0
1765024595.340988,2.0
1765024595.3518796,2.0
1765024595.362548,2.0
1765024595.3732307,2.0
1765024595.3839033,2.0
1765024595.3945718,2.0
1765024595.4052186,2.0
1765024595.4158912,2.0
1765024595.4265451,2.0
1765024595.4372134,2.0
1765024595.4480815,2.0
1765024595.458791,2.0
1765024595.469446,2.0
1765024595.4800763,2.0
1765024595.4907558,2.0
1765024595.5014021,2.0
1765024595.5120738,2.0
1765024595.5227554,2.0
1765024595.5334208,2.0
1765024595.5442953,2.0
1765024595.5549295,2.0
1765024595.565607,2.0
1765024595.576233,2.0
1765024595.5868855,2.0
1765024595.5975485,2.0
1765024595.6081696,2.0
1765024595.6190255,2.0
1765024595.6296828,2.0
1765024595.6403234,2.0
1765024595.6513898,2.0
1765024595.66198,2.0
1765024595.6726596,2.0
1765024595.6834474,2.0
1765024595.694097,2.0
1765024595.7049162,2.0
1765024595.7155952,2.0
1765024595.7264116,2.0
1765024595.7370045,2.0
1765024595.7478979,2.0
1765024595.7585511,2.0
1765024595.7691891,2.0
1765024595.7798772,2.0
1765024595.7905357,2.0
1765024595.8011715,2.0
1765024595.811799,2.0
1765024595.822487,2.0
1765024595.8333025,2.0
1765024595.8439565,2.0
1765024595.8546004,2.0
1765024595.8652506,2.0
1765024595.8760595,2.0
1765024595.8867228,2.0
1765024595.8973992,2.0
1765024595.907996,2.0
1765024595.918615,2.0
1765024595.9293237,2.0
1765024595.939968,2.0
1765024595.9506636,2.0
1765024595.96129,2.0
1765024595.9719,2.0
1765024595.98264,2.0
1765024595.9933255,2.0
1765024596.0039632,2.0
1765024596.0146246,2.0
1765024596.025305,2.0
1765024596.035971,2.0
1765024596.0466332,2.0
1765024596.0573049,2.0
1765024596.0679362,2.0
1765024596.0788007,2.0
1765024596.0895555,2.0
1765024596.100218,2.0
1765024596.1109684,2.0
1765024596.121608,2.0
1765024596.133758,2.0
1765024596.1443295,2.0
1765024596.154994,2.0
1765024596.1656837,2.0
1765024596.1763806,2.0
1765024596.1870043,2.0
1765024596.197645,2.0
1765024596.2083309,2.0
1765024596.2190187,2.0
1765024596.229666,2.0
1765024596.240207,2.0
1765024596.2507927,2.0
1765024596.2614334,2.0
1765024596.2719738,2.0
1765024596.2825267,2.0
1765024596.2931077,2.0
1765024596.3038225,2.0
1765024596.3143997,2.0
1765024596.3249469,2.0
1765024596.3356369,2.0
1765024596.3461823,2.0
1765024596.356899,2.0
1765024596.367547,2.0
1765024596.3781018,2.0
1765024596.3886616,2.0
1765024596.3992958,2.0
1765024596.4098327,2.0
1765024596.4204202,2.0
1765024596.4309716,2.0
1765024596.4417686,2.0
1765024596.4523437,2.0
1765024596.462922,2.0
1765024596.4734688,2.0
1765024596.484094,2.0
1765024596.4947774,2.0
1765024596.50536,2.0
1765024596.5159063,2.0
1765024596.5265925,2.0
1765024596.537126,2.0
1765024596.5477247,2.0
1765024596.55828,2.0
1765024596.5689166,2.0
1765024596.5794568,2.0
1765024596.590012,2.0
1765024596.6007998,2.0
1765024596.6113994,2.0
1765024596.6219702,2.0
1765024596.6325495,2.0
1765024596.6432128,2.0
1765024596.6539984,2.0
1765024596.6645293,2.0
1765024596.675066,2.0
1765024596.6857271,2.0
1765024596.6963613,2.0
1765024596.706946,2.0
1765024596.7175255,2.0
1765024596.7281373,2.0
1765024596.7387326,2.0
1765024596.7493594,2.0
1765024596.7601535,2.0
1765024596.7707047,2.0
1765024596.7813776,2.0
1765024596.7919543,2.0
1765024596.802611,2.0
1765024596.8133898,2.0
1765024596.823996,2.0
1765024596.8345513,2.0
1765024596.8453414,2.0
1765024596.856094,2.0
1765024596.8666961,2.0
1765024596.8772693,2.0
1765024596.887857,2.0
1765024596.8984747,2.0
1765024596.9092813,2.0
1765024596.9198701,2.0
1765024596.9307728,2.0
1765024596.941379,2.0
1765024596.9519894,2.0
1765024596.962595,2.0
1765024596.9732285,2.0
1765024596.9838464,2.0
1765024596.9944234,2.0
1765024597.0050135,2.0
1765024597.0156424,2.0
1765024597.0263884,2.0
1765024597.0370498,2.0
1765024597.0476034,2.0
1765024597.0583618,2.0
1765024597.0694518,2.0
1765024597.0801804,2.0
1765024597.0908277,2.0
1765024597.1016085,2.0
1765024597.112177,2.0
1765024597.1227674,2.0
1765024597.1337695,2.0
1765024597.1445131,2.0
1765024597.155223,2.0
1765024597.1658711,2.0
1765024597.1764562,2.0
1765024597.1871004,2.0
1765024597.1977222,2.0
1765024597.2083285,2.0
1765024597.218915,2.0
1765024597.2297637,2.0
1765024597.2403364,2.0
1765024597.2509584,2.0
1765024597.2615829,2.0
1765024597.2721827,2.0
1765024597.2828143,2.0
1765024597.2933667,2.0
1765024597.3039634,2.0
1765024597.3145976,2.0
1765024597.3251703,2.0
1765024597.335731,2.0
1765024597.3462987,2.0
1765024597.3570611,2.0
1765024597.3676817,2.0
1765024597.3784242,2.0
1765024597.388993,2.0
1765024597.3996158,2.0
1765024597.4103897,2.0
1765024597.4210398,2.0
1765024597.4316218,2.0
1765024597.4423568,2.0
1765024597.4529266,2.0
1765024597.4635348,2.0
1765024597.4742887,2.0
1765024597.4848807,2.0
1765024597.495732,2.0
1765024597.5062451,2.0
1765024597.5168502,2.0
1765024597.5274777,2.0
1765024597.5380528,2.0
1765024597.5486922,2.0
1765024597.5592878,2.0
1765024597.569887,2.0
1765024597.5805993,2.0
1765024597.5914414,2.0
1765024597.602078,2.0
1765024597.6126645,2.0
1765024597.6232686,2.0
1765024597.6339004,2.0
1765024597.644806,2.0
1765024597.6554325,2.0
1765024597.666037,2.0
1765024597.6766472,2.0
1765024597.6873696,2.0
1765024597.6979783,2.0
1765024597.7085474,2.0
1765024597.7193751,2.0
1765024597.7299848,2.0
1765024597.740724,2.0
1765024597.7513778,2.0
1765024597.7619681,2.0
1765024597.7725384,2.0
1765024597.7831378,2.0
1765024597.7939408,2.0
1765024597.804598,2.0
1765024597.8153067,2.0
1765024597.8258867,2.0
1765024597.836582,2.0
1765024597.8471522,2.0
1765024597.857808,2.0
1765024597.868407,2.0
1765024597.879016,2.0
1765024597.8896205,2.0
1765024597.9002073,2.0
1765024597.9107983,2.0
1765024597.9213989,2.0
1765024597.932105,2.0
1765024597.942707,2.0
1765024597.953295,2.0
1765024597.9640718,2.0
1765024597.9746923,2.0
1765024597.9853082,2.0
1765024597.9958909,2.0
1765024598.0065572,2.0
1765024598.017178,2.0
1765024598.0277696,2.0
1765024598.0384312,2.0
1765024598.0489213,2.0
1765024598.0595431,2.0
1765024598.0701332,2.0
1765024598.0809338,2.0
1765024598.0915034,2.0
1765024598.1021173,2.0
1765024598.1127155,2.0
1765024598.1232846,2.0
1765024598.1351204,2.0
1765024598.1457548,2.0
1765024598.1565032,2.0
1765024598.1671445,2.0
1765024598.177726,2.0
1765024598.188346,2.0
1765024598.2045906,2.0
1765024598.2188866,2.0
1765024598.2294042,2.0
1765024598.2402027,2.0
1765024598.2508264,2.0
1765024598.2615702,2.0
1765024598.2721539,2.0
1765024598.282788,2.0
1765024598.2934465,2.0
1765024598.3040614,2.0
1765024598.3148756,2.0
1765024598.325468,2.0
1765024598.3360362,2.0
1765024598.346591,2.0
1765024598.3571808,2.0
1765024598.367758,2.0
1765024598.3783536,2.0
1765024598.388996,2.0
1765024598.3995893,2.0
1765024598.410165,2.0
1765024598.4207864,2.0
1765024598.4313617,2.0
1765024598.4419553,2.0
1765024598.452964,1.0
1765024598.4644134,1.0
1765024598.4772937,2.0
1765024598.4878318,2.0
1765024598.49846,2.0
1765024598.509054,2.0
1765024598.5198853,2.0
1765024598.5305927,2.0
1765024598.541177,2.0
1765024598.5517867,2.0
1765024598.5624008,2.0
1765024598.5729744,2.0
1765024598.583583,2.0
1765024598.5941672,2.0
1765024598.6048272,2.0
1765024598.6153917,2.0
1765024598.6259935,2.0
1765024598.636612,2.0
1765024598.6474223,2.0
1765024598.6580024,2.0
1765024598.6686208,2.0
1765024598.6792495,2.0
1765024598.6899505,2.0
1765024598.700518,2.0
1765024598.7111187,2.0
1765024598.7217302,2.0
1765024598.7323232,2.0
1765024598.7429044,2.0
1765024598.7534971,2.0
1765024598.7640905,2.0
1765024598.7747116,2.0
1765024598.7879522,2.0
1765024598.7984931,2.0
1765024598.8091583,2.0
1765024598.819768,2.0
1765024598.8303864,2.0
1765024598.8409734,2.0
1765024598.851629,2.0
1765024598.862283,2.0
1765024598.8730767,2.0
1765024598.8836982,2.0
1765024598.894279,2.0
1765024598.9054236,2.0
1765024598.9160032,2.0
1765024598.9266038,2.0
1765024598.937412,2.0
1765024598.9481611,2.0
1765024598.9587522,2.0
1765024598.9693973,2.0
1765024598.9800043,2.0
1765024598.9906232,2.0
1765024599.006394,2.0
1765024599.016646,1.0
1765024599.0287592,2.0
1765024599.040926,2.0
1765024599.0527265,2.0
1765024599.0646625,2.0
1765024599.0779092,2.0
1765024599.0900424,2.0
1765024599.1018758,2.0
1765024599.1161954,2.0
1765024599.1312363,2.0
1765024599.1468003,2.0
1765024599.1601136,2.0
1765024599.1720848,2.0
1765024599.185277,2.0
1765024599.1972837,2.0
1765024599.209082,2.0
1765024599.221131,2.0
1765024599.2322705,2.0
1765024599.2441015,2.0
1765024599.2551823,2.0
1765024599.2683365,2.0
1765024599.2805126,2.0
1765024599.2923043,2.0
1765024599.3055558,2.0
1765024599.3161674,2.0
1765024599.326932,2.0
1765024599.33773,2.0
1765024599.3485522,2.0
1765024599.3593137,2.0
1765024599.370055,2.0
1765024599.3808427,2.0
1765024599.3934758,2.0
1765024599.4080043,2.0
1765024599.4193985,2.0
1765024599.4301417,2.0
1765024599.4409196,2.0
1765024599.4519014,2.0
1765024599.462998,2.0
1765024599.4737985,2.0
1765024599.4844396,2.0
1765024599.495484,2.0
1765024599.5061834,2.0
1765024599.5169182,2.0
1765024599.5282109,2.0
1765024599.5389304,2.0
1765024599.5498145,2.0
1765024599.5608678,2.0
1765024599.5715947,2.0
1765024599.5823731,2.0
1765024599.5957778,2.0
1765024599.607731,2.0
1765024599.6199155,2.0
1765024599.6336563,2.0
1765024599.6470566,2.0
1765024599.659686,2.0
1765024599.6714833,2.0
1765024599.6877882,2.0
1765024599.7053368,2.0
1765024599.7185874,1.0
1765024599.7295856,1.0
1765024599.7425811,1.0
1765024599.7534122,1.0
1765024599.763576,1.0
1765024599.78359,2.0
1765024599.7945745,1.0
1765024599.8055637,1.0
1765024599.826419,2.0
1765024599.8380666,1.0
1765024599.8514986,1.0
1765024599.8734343,2.0
1765024599.8835778,1.0
1765024599.9035869,2.0
1765024599.916553,1.0
1765024599.9265728,1.0
1765024599.9395885,1.0
1765024599.9595716,2.0
1765024599.9695756,1.0
1765024599.9805765,1.0
1765024599.9934077,1.0
1765024600.0044062,1.0
1765024600.0145786,1.0
1765024600.0275595,1.0
1765024600.0385664,1.0
1765024600.049572,1.0
1765024600.0628097,1.0
1765024600.074409,1.0
1765024600.085575,1.0
1765024600.1044192,2.0
1765024600.1155713,1.0
1765024600.1255763,1.0
1765024600.1464124,2.0
1765024600.1575837,1.0
1765024600.1765864,2.0
1765024600.1875787,1.0
1765024600.2005472,1.0
1765024600.210581,1.0
1765024600.2235758,1.0
1765024600.2335918,1.0
1765024600.2550225,2.0
1765024600.2676296,1.0
1765024600.280585,1.0
1765024600.290588,1.0
1765024600.31159,2.0
1765024600.324569,1.0
1765024600.3364623,1.0
1765024600.356595,2.0
1765024600.3775873,2.0
1765024600.3885872,1.0
1765024600.4085999,2.0
1765024600.4195762,1.0
1765024600.4355662,1.0
1765024600.4465578,1.0
1765024600.456563,1.0
1765024600.4665644,1.0
1765024600.4765873,1.0
1765024600.4875612,1.0
1765024600.4975705,1.0
1765024600.508564,1.0
1765024600.5215507,1.0
1765024600.5330586,1.0
1765024600.5464597,1.0
1765024600.556572,1.0
1765024600.5695598,1.0
1765024600.5895736,2.0
1765024600.602413,1.0
1765024600.6125546,1.0
1765024600.6314113,2.0
1765024600.6415765,1.0
1765024600.6523662,1.0
1765024600.6630564,2.0
1765024600.6739147,2.0
1765024600.6848724,2.0
1765024600.6958127,2.0
1765024600.7066562,2.0
1765024600.7175126,2.0
1765024600.7284257,2.0
1765024600.7392404,2.0
1765024600.7501338,2.0
1765024600.7609322,2.0
1765024600.7717788,2.0
1765024600.7824378,2.0
1765024600.7932446,2.0
1765024600.8040588,2.0
1765024600.8149018,2.0
1765024600.8257368,2.0
1765024600.8365483,2.0
1765024600.8473628,2.0
1765024600.8581762,2.0
1765024600.8690474,2.0
1765024600.8798535,2.0
1765024600.8906555,2.0
1765024600.901474,2.0
1765024600.9123404,2.0
1765024600.9231806,2.0
1765024600.9340577,2.0
1765024600.9448717,2.0
1765024600.9556575,2.0
1765024600.9664876,2.0
1765024600.977304,2.0
1765024600.9881518,2.0
1765024600.9989455,2.0
1765024601.0097494,2.0
1765024601.0205765,2.0
1765024601.0314128,2.0
1765024601.0422304,2.0
1765024601.0530512,2.0
1765024601.0639071,2.0
1765024601.0747464,2.0
1765024601.0858164,2.0
1765024601.096653,2.0
1765024601.1074796,2.0
1765024601.118283,2.0
1765024601.1299338,2.0
1765024601.1408427,2.0
1765024601.151622,2.0
1765024601.1628644,2.0
1765024601.1736426,2.0
1765024601.18446,2.0
1765024601.1953342,2.0
1765024601.2061236,2.0
1765024601.2172196,2.0
1765024601.22803,2.0
1765024601.2388456,2.0
1765024601.2496648,2.0
1765024601.2605395,2.0
1765024601.271343,2.0
1765024601.2821424,2.0
1765024601.2929149,2.0
1765024601.303675,2.0
1765024601.314549,2.0
1765024601.3253403,2.0
1765024601.336152,2.0
1765024601.3469102,2.0
1765024601.3576725,2.0
1765024601.368431,2.0
1765024601.379245,2.0
1765024601.39,2.0
1765024601.4007385,2.0
1765024601.4115071,2.0
1765024601.4222877,2.0
1765024601.433031,2.0
1765024601.4438658,2.0
1765024601.4546742,2.0
1765024601.4654453,2.0
1765024601.4763055,2.0
1765024601.4872696,2.0
1765024601.498134,2.0
1765024601.508942,2.0
1765024601.5197835,2.0
1765024601.5306103,2.0
1765024601.5414896,2.0
1765024601.5522966,2.0
1765024601.5631223,2.0
1765024601.5739415,2.0
1765024601.584769,2.0
1765024601.595614,2.0
1765024601.6064346,2.0
1765024601.617279,2.0
1765024601.6281073,2.0
1765024601.6389337,2.0
1765024601.6500678,2.0
1765024601.6609023,2.0
1765024601.6717224,2.0
1765024601.6826327,2.0
1765024601.6938596,2.0
1765024601.7046983,2.0
1765024601.7155535,2.0
1765024601.7265007,2.0
1765024601.737341,2.0
1765024601.7482493,2.0
1765024601.7590778,2.0
1765024601.7699463,2.0
1765024601.7807732,2.0
1765024601.7916424,2.0
1765024601.802473,2.0
1765024601.8133,2.0
1765024601.8241131,2.0
1765024601.8349462,2.0
1765024601.8457358,2.0
1765024601.8565571,2.0
1765024601.8674192,2.0
1765024601.8782952,2.0
1765024601.8891985,2.0
1765024601.9000096,2.0
1765024601.9108315,2.0
1765024601.921654,2.0
1765024601.9325054,2.0
1765024601.9433222,2.0
1765024601.9541256,2.0
1765024601.964937,2.0
1765024601.9757588,2.0
1765024601.9866076,2.0
1765024601.9974835,2.0
1765024602.0083313,2.0
1765024602.0191705,2.0
1765024602.0301118,2.0
1765024602.0409336,2.0
1765024602.0516295,2.0
1765024602.062436,2.0
1765024602.073223,2.0
1765024602.084334,2.0
1765024602.0951407,2.0
1765024602.1061008,2.0
1765024602.1169477,2.0
1765024602.1290197,2.0
1765024602.1398034,2.0
1765024602.1506364,2.0
1765024602.1615546,2.0
1765024602.1724143,2.0
1765024602.18325,2.0
1765024602.1941874,2.0
1765024602.2049918,2.0
1765024602.2158566,2.0
1765024602.2267387,2.0
1765024602.237549,2.0
1765024602.2484019,2.0
1765024602.2592113,2.0
1765024602.2701333,2.0
1765024602.2811606,2.0
1765024602.291975,2.0
1765024602.3027942,2.0
1765024602.313694,2.0
1765024602.3245304,2.0
1765024602.3353481,2.0
1765024602.3462524,2.0
1765024602.357094,2.0
1765024602.36791,2.0
1765024602.378763,2.0
1765024602.3895752,2.0
1765024602.4004176,2.0
1765024602.411309,2.0
1765024602.4221227,2.0
1765024602.4329739,2.0
1765024602.4438019,2.0
1765024602.4546058,2.0
1765024602.4654996,2.0
1765024602.4763105,2.0
1765024602.4871209,2.0
1765024602.4980493,2.0
1765024602.5088606,2.0
1765024602.5196888,2.0
1765024602.5305884,2.0
1765024602.541482,2.0
1765024602.5523293,2.0
1765024602.563125,2.0
1765024602.5739684,2.0
1765024602.584816,2.0
1765024602.595622,2.0
1765024602.6063976,2.0
1765024602.6172352,2.0
1765024602.628089,2.0
1765024602.6389227,2.0
1765024602.6499686,2.0
1765024602.6607854,2.0
1765024602.6716142,2.0
1765024602.682464,2.0
1765024602.693248,2.0
1765024602.70416,2.0
1765024602.7150238,2.0
1765024602.7260087,2.0
1765024602.736848,2.0
1765024602.7476847,2.0
1765024602.7585895,2.0
1765024602.7709246,2.0
1765024602.7817488,2.0
1765024602.792599,2.0
1765024602.8034103,2.0
1765024602.8142965,2.0
1765024602.8251138,2.0
1765024602.835958,2.0
1765024602.8468053,2.0
1765024602.857641,2.0
1765024602.8684757,2.0
1765024602.8794854,2.0
1765024602.89031,2.0
1765024602.9011436,2.0
1765024602.9120069,2.0
1765024602.922839,2.0
1765024602.9336886,2.0
1765024602.9445393,2.0
1765024602.9554214,2.0
1765024602.96623,2.0
1765024602.9770591,2.0
1765024602.9878986,2.0
1765024602.9987128,2.0
1765024603.0095284,2.0
1765024603.020413,2.0
1765024603.0312195,2.0
1765024603.0420244,2.0
1765024603.0528538,2.0
1765024603.0637019,2.0
1765024603.0745313,2.0
1765024603.0857553,2.0
1765024603.096594,2.0
1765024603.1074324,2.0
1765024603.118253,2.0
1765024603.1301632,2.0
1765024603.1410332,2.0
1765024603.1517777,2.0
1765024603.162781,2.0
1765024603.173653,2.0
1765024603.184466,2.0
1765024603.1952806,2.0
1765024603.206079,2.0
1765024603.2169592,2.0
1765024603.22777,2.0
1765024603.2385898,2.0
1765024603.2494664,2.0
1765024603.2602727,2.0
1765024603.2711458,2.0
1765024603.2819512,2.0
1765024603.2928116,2.0
1765024603.3036196,2.0
1765024603.314444,2.0
1765024603.3253057,2.0
1765024603.3362055,2.0
1765024603.3470237,2.0
1765024603.3578773,2.0
1765024603.3686988,2.0
1765024603.379524,2.0
1765024603.3903415,2.0
1765024603.401172,2.0
1765024603.4120026,2.0
1765024603.4228282,2.0
1765024603.4336553,2.0
1765024603.4445179,2.0
1765024603.4553516,2.0
1765024603.466238,2.0
1765024603.4770367,2.0
1765024603.4878657,2.0
1765024603.4987133,2.0
1765024603.5095458,2.0
1765024603.5203884,2.0
1765024603.5311968,2.0
1765024603.5419838,2.0
1765024603.5528386,2.0
1765024603.5636787,2.0
1765024603.5746117,2.0
1765024603.5854542,2.0
1765024603.5962238,2.0
1765024603.6071527,2.0
1765024603.6180043,2.0
1765024603.6288714,2.0
1765024603.6396682,2.0
1765024603.6507921,2.0
1765024603.6617374,2.0
1765024603.6725688,2.0
1765024603.6835675,2.0
1765024603.6943204,2.0
1765024603.7052178,2.0
1765024603.7160764,2.0
1765024603.7269988,2.0
1765024603.7382884,2.0
1765024603.7492568,2.0
1765024603.7600477,2.0
1765024603.7709627,2.0
1765024603.781799,2.0
1765024603.7926903,2.0
1765024603.8034983,2.0
1765024603.8143024,2.0
1765024603.825072,2.0
1765024603.8359263,2.0
1765024603.8467815,2.0
1765024603.8576355,2.0
1765024603.8684907,2.0
1765024603.8793416,2.0
1765024603.8901849,2.0
1765024603.9010017,2.0
1765024603.9118202,2.0
1765024603.9226356,2.0
1765024603.9335437,2.0
1765024603.9443758,2.0
1765024603.9551852,2.0
1765024603.9661038,2.0
1765024603.9769475,2.0
1765024603.9877453,2.0
1765024603.9986014,2.0
1765024604.009409,2.0
1765024604.0203042,2.0
1765024604.0311246,2.0
1765024604.0419285,2.0
1765024604.052763,2.0
1765024604.063595,2.0
1765024604.0744267,2.0
1765024604.0855408,2.0
1765024604.096394,2.0
1765024604.107201,2.0
1765024604.1181471,2.0
1765024604.128965,2.0
1765024604.1402242,2.0
1765024604.1512122,2.0
1765024604.162208,2.0
1765024604.1731212,2.0
1765024604.1839447,2.0
1765024604.1947432,2.0
1765024604.2055726,2.0
1765024604.2164102,2.0
1765024604.2272568,2.0
1765024604.2381735,2.0
1765024604.248984,2.0
1765024604.259806,2.0
1765024604.2706566,2.0
1765024604.281509,2.0
1765024604.2923386,2.0
1765024604.303137,2.0
1765024604.3139691,2.0
1765024604.324926,2.0
1765024604.3357708,2.0
1765024604.3465512,2.0
1765024604.3574362,2.0
1765024604.3682735,2.0
1765024604.3790705,2.0
1765024604.3898995,2.0
1765024604.40069,2.0
1765024604.4114969,2.0
1765024604.4223075,2.0
1765024604.4331293,2.0
1765024604.4439652,2.0
1765024604.4547923,2.0
1765024604.4656115,2.0
1765024604.4765108,2.0
1765024604.4873579,2.0
1765024604.4982393,2.0
1765024604.5090802,2.0
1765024604.5199327,2.0
1765024604.5308337,2.0
1765024604.5416198,2.0
1765024604.5524442,2.0
1765024604.5633094,2.0
1765024604.574116,2.0
1765024604.5850914,2.0
1765024604.5959105,2.0
1765024604.6067545,2.0
1765024604.6176212,2.0
1765024604.628455,2.0
1765024604.6392844,2.0
1765024604.6503847,2.0
1765024604.661197,2.0
1765024604.6721406,2.0
1765024604.6831512,2.0
1765024604.6939127,2.0
1765024604.704775,2.0
1765024604.7156212,2.0
1765024604.7264256,2.0
1765024604.737195,2.0
1765024604.7480285,2.0
1765024604.758864,2.0
1765024604.7697654,2.0
1765024604.7806346,2.0
1765024604.7914433,2.0
1765024604.8022594,2.0
1765024604.8130524,2.0
1765024604.823925,2.0
1765024604.8347728,2.0
1765024604.845591,2.0
1765024604.8564167,2.0
1765024604.8673127,2.0
1765024604.87823,2.0
1765024604.8890834,2.0
1765024604.8999255,2.0
1765024604.9107645,2.0
1765024604.9215643,2.0
1765024604.9324045,2.0
1765024604.943184,2.0
1765024604.954108,2.0
1765024604.9649065,2.0
1765024604.9757264,2.0
1765024604.9865518,2.0
1765024604.99738,2.0
1765024605.0082045,2.0
1765024605.0190709,2.0
1765024605.029929,2.0
1765024605.0407314,2.0
1765024605.0515552,2.0
1765024605.0623658,2.0
1765024605.0731897,2.0
1765024605.084164,2.0
1765024605.0950527,2.0
1765024605.1058948,2.0
1765024605.116699,2.0
1765024605.1275127,2.0
1765024605.1394417,2.0
1765024605.1502273,2.0
1765024605.1610847,2.0
1765024605.1719081,2.0
1765024605.182685,2.0
1765024605.193525,2.0
1765024605.204403,2.0
1765024605.2152383,2.0
1765024605.2261436,2.0
1765024605.23696,2.0
1765024605.2478027,2.0
1765024605.2586274,2.0
1765024605.2694886,2.0
1765024605.2802975,2.0
1765024605.2911367,2.0
1765024605.3019478,2.0
1765024605.3127882,2.0
1765024605.323608,2.0
1765024605.3343933,2.0
1765024605.345232,2.0
1765024605.3560898,2.0
1765024605.366931,2.0
1765024605.377796,2.0
1765024605.388609,2.0
1765024605.3994696,2.0
1765024605.41029,2.0
1765024605.4212391,2.0
1765024605.432099,2.0
1765024605.4429646,2.0
1765024605.4537816,2.0
1765024605.4646528,2.0
1765024605.4754717,2.0
1765024605.4863255,2.0
1765024605.4973195,2.0
1765024605.5081277,2.0
1765024605.518988,2.0
1765024605.529808,2.0
1765024605.54063,2.0
1765024605.5515277,2.0
1765024605.562312,2.0
1765024605.5731401,2.0
1765024605.5839672,2.0
1765024605.5948043,2.0
1765024605.6056817,2.0
1765024605.6165159,2.0
1765024605.6273277,2.0
1765024605.6381562,2.0
1765024605.6491156,2.0
1765024605.6599143,2.0
1765024605.6708791,2.0
1765024605.6817331,2.0
1765024605.6925752,2.0
1765024605.7034068,2.0
1765024605.7143345,2.0
1765024605.7253475,2.0
1765024605.7361772,2.0
1765024605.746993,2.0
1765024605.757899,2.0
1765024605.768789,2.0
1765024605.7796528,2.0
1765024605.7906036,2.0
1765024605.8014283,2.0
1765024605.8122532,2.0
1765024605.8230667,2.0
1765024605.8339648,2.0
1765024605.844754,2.0
1765024605.8555923,2.0
1765024605.866386,2.0
1765024605.8771694,2.0
1765024605.8879752,2.0
1765024605.8987806,2.0
1765024605.909531,2.0
1765024605.920307,2.0
1765024605.9310617,2.0
1765024605.941868,2.0
1765024605.952761,2.0
1765024605.963531,2.0
1765024605.9743392,2.0
1765024605.9851072,2.0
1765024605.9958887,2.0
1765024606.0066643,2.0
1765024606.0174468,2.0
1765024606.0281997,2.0
1765024606.0390897,2.0
1765024606.0499382,2.0
1765024606.0607276,2.0
1765024606.0714808,2.0
1765024606.0822353,2.0
1765024606.0930724,2.0
1765024606.1038535,2.0
1765024606.114753,2.0
1765024606.126827,2.0
1765024606.1376257,2.0
1765024606.1484265,2.0
1765024606.1592176,2.0
1765024606.1702447,2.0
1765024606.1810257,2.0
1765024606.1918206,2.0
1765024606.2026181,2.0
1765024606.21359,2.0
1765024606.2243392,2.0
1765024606.2351112,2.0
1765024606.2458603,2.0
1765024606.256661,2.0
1765024606.267464,2.0
1765024606.2782786,2.0
1765024606.2890499,2.0
1765024606.2998238,2.0
1765024606.3105917,2.0
1765024606.321361,2.0
1765024606.3321736,2.0
1765024606.3429265,2.0
1765024606.3537095,2.0
1765024606.364491,2.0
1765024606.3752537,2.0
1765024606.3860676,2.0
1765024606.3969502,2.0
1765024606.4076993,2.0
1765024606.4184895,2.0
1765024606.4292562,2.0
1765024606.4400232,2.0
1765024606.4508293,2.0
1765024606.4616086,2.0
1765024606.472371,2.0
1765024606.4831321,2.0
1765024606.4940386,2.0
1765024606.5047565,2.0
1765024606.5155041,2.0
1765024606.5262692,2.0
1765024606.5370345,2.0
1765024606.5478442,2.0
1765024606.5586045,2.0
1765024606.5693982,2.0
1765024606.5801687,2.0
1765024606.5909605,2.0
1765024606.6017323,2.0
1765024606.612367,2.0
1765024606.62311,2.0
1765024606.6338596,2.0
1765024606.6449003,2.0
1765024606.6557062,2.0
1765024606.6663833,2.0
1765024606.6770444,2.0
1765024606.6879787,2.0
1765024606.698733,2.0
1765024606.7094781,2.0
1765024606.7204204,2.0
1765024606.7311893,2.0
1765024606.7419953,2.0
1765024606.7529004,2.0
1765024606.7636554,2.0
1765024606.7744286,2.0
1765024606.7852066,2.0
1765024606.7960773,2.0
1765024606.8068383,2.0
1765024606.8176029,2.0
1765024606.8284154,2.0
1765024606.8391557,2.0
1765024606.849943,2.0
1765024606.860732,2.0
1765024606.871495,2.0
1765024606.88227,2.0
1765024606.8930483,2.0
1765024606.903795,2.0
1765024606.9145544,2.0
1765024606.9252725,2.0
1765024606.9360738,2.0
1765024606.946889,2.0
1765024606.9575357,2.0
1765024606.9683068,2.0
1765024606.979106,2.0
1765024606.9899254,2.0
1765024607.0007083,2.0
1765024607.0115025,2.0
1765024607.0222404,2.0
1765024607.0330174,2.0
1765024607.0438273,2.0
1765024607.0547705,2.0
1765024607.0656002,2.0
1765024607.076583,2.0
1765024607.0876074,2.0
1765024607.0983605,2.0
1765024607.1092026,2.0
1765024607.1199565,2.0
1765024607.1321528,2.0
1765024607.142877,2.0
1765024607.1537163,2.0
1765024607.1645992,2.0
1765024607.1754622,2.0
1765024607.1862276,2.0
1765024607.1969938,2.0
1765024607.20777,2.0
1765024607.218577,2.0
1765024607.2294443,2.0
1765024607.240214,2.0
1765024607.2509804,2.0
1765024607.2617574,2.0
1765024607.272735,2.0
1765024607.2835333,2.0
1765024607.2943017,2.0
1765024607.3053386,2.0
1765024607.3161302,2.0
1765024607.3270025,2.0
1765024607.3377748,2.0
1765024607.3485456,2.0
1765024607.3593001,2.0
1765024607.3700583,2.0
1765024607.380843,2.0
1765024607.39159,2.0
1765024607.402406,2.0
1765024607.413302,2.0
1765024607.4240675,2.0
1765024607.4348402,2.0
1765024607.4456809,2.0
1765024607.4564447,2.0
1765024607.46721,2.0
1765024607.478087,2.0
1765024607.4889088,2.0
1765024607.4997272,2.0
1765024607.5104842,2.0
1765024607.521342,2.0
1765024607.532134,2.0
1765024607.5429215,2.0
1765024607.5537179,2.0
1765024607.5644686,2.0
1765024607.5752108,2.0
1765024607.5859866,2.0
1765024607.5967975,2.0
1765024607.6075783,2.0
1765024607.618447,2.0
1765024607.6292443,2.0
1765024607.6400373,2.0
1765024607.6509242,2.0
1765024607.6617577,2.0
1765024607.6725378,2.0
1765024607.6834495,2.0
1765024607.6941972,2.0
1765024607.705011,2.0
1765024607.7157788,2.0
1765024607.726595,2.0
1765024607.7373698,2.0
1765024607.7481453,2.0
1765024607.7592978,2.0
1765024607.7700634,2.0
1765024607.7809856,2.0
1765024607.7917626,2.0
1765024607.8025203,2.0
1765024607.8133833,2.0
1765024607.8242195,2.0
1765024607.8352172,2.0
1765024607.8459737,2.0
1765024607.8568747,2.0
1765024607.8676467,2.0
1765024607.8784773,2.0
1765024607.889332,2.0
1765024607.9000897,2.0
1765024607.9108577,2.0
1765024607.9216144,2.0
1765024607.9324014,2.0
1765024607.9431655,2.0
1765024607.9539127,2.0
1765024607.9647326,2.0
1765024607.9754982,2.0
1765024607.9862852,2.0
1765024607.9970515,2.0
1765024608.0078638,2.0
1765024608.0186307,2.0
1765024608.0293972,2.0
1765024608.040184,2.0
1765024608.0509517,2.0
1765024608.0617676,2.0
1765024608.0725062,2.0
1765024608.0833585,2.0
1765024608.0943816,2.0
1765024608.105252,2.0
1765024608.1160314,2.0
1765024608.1268349,2.0
1765024608.1387072,2.0
1765024608.149462,2.0
1765024608.160267,2.0
1765024608.1713493,2.0
1765024608.1820908,2.0
1765024608.192891,2.0
1765024608.2036762,2.0
1765024608.214485,2.0
1765024608.225902,2.0
1765024608.2370167,2.0
1765024608.2478316,2.0
1765024608.258607,2.0
1765024608.269746,2.0
1765024608.280571,2.0
1765024608.2913103,2.0
1765024608.3020546,2.0
1765024608.3128474,2.0
1765024608.3236141,2.0
1765024608.3343873,2.0
1765024608.3451474,2.0
1765024608.3559113,2.0
1765024608.3666894,2.0
1765024608.3775434,2.0
1765024608.3882833,2.0
1765024608.399027,2.0
1765024608.4098537,2.0
1765024608.4206166,2.0
1765024608.4314246,2.0
1765024608.442284,2.0
1765024608.4530735,2.0
1765024608.4638336,2.0
1765024608.474648,2.0
1765024608.4855156,2.0
1765024608.496414,2.0
1765024608.5071633,2.0
1765024608.5181346,2.0
1765024608.5288918,2.0
1765024608.5396605,2.0
1765024608.55042,2.0
1765024608.5613182,2.0
1765024608.572087,2.0
1765024608.5828393,2.0
1765024608.5935802,2.0
1765024608.6048577,2.0
1765024608.6155677,2.0
1765024608.626358,2.0
1765024608.637136,2.0
1765024608.647939,2.0
1765024608.6587882,2.0
1765024608.669586,2.0
1765024608.6803844,2.0
1765024608.6912098,2.0
1765024608.7019806,2.0
1765024608.7127376,2.0
1765024608.7235029,2.0
1765024608.7343395,2.0
1765024608.7451146,2.0
1765024608.7558882,2.0
1765024608.7666903,2.0
1765024608.777514,2.0
1765024608.7883823,2.0
1765024608.7991555,2.0
1765024608.809981,2.0
1765024608.8207572,2.0
1765024608.8315136,2.0
1765024608.8423483,2.0
1765024608.8531432,2.0
1765024608.86402,2.0
1765024608.8748183,2.0
1765024608.8855937,2.0
1765024608.896347,2.0
1765024608.907097,2.0
1765024608.9179852,2.0
1765024608.9287899,2.0
1765024608.9395516,2.0
1765024608.9503477,2.0
1765024608.9612186,2.0
1765024608.971998,2.0
1765024608.9827511,2.0
1765024608.9935703,2.0
1765024609.0043666,2.0
1765024609.0151577,2.0
1765024609.0260437,2.0
1765024609.0368028,2.0
1765024609.04758,2.0
1765024609.0583363,2.0
1765024609.0691326,2.0
1765024609.0799239,2.0
1765024609.0908794,2.0
1765024609.1017046,2.0
1765024609.1124568,2.0
1765024609.1232061,2.0
1765024609.1343637,2.0
1765024609.1452107,2.0
1765024609.1560302,2.0
1765024609.166838,2.0
1765024609.1778448,2.0
1765024609.1886408,2.0
1765024609.1994152,2.0
1765024609.2101855,2.0
1765024609.2210896,2.0
1765024609.2318718,2.0
1765024609.2426057,2.0
1765024609.2534292,2.0
1765024609.264187,2.0
1765024609.2749822,2.0
1765024609.2857513,2.0
1765024609.296594,2.0
1765024609.3073819,2.0
1765024609.318169,2.0
1765024609.329081,2.0
1765024609.3398654,2.0
1765024609.35063,2.0
1765024609.3614092,2.0
1765024609.3722157,2.0
1765024609.3830004,2.0
1765024609.3937948,2.0
1765024609.4045963,2.0
1765024609.4153442,2.0
1765024609.4262147,2.0
1765024609.43698,2.0
1765024609.4477513,2.0
1765024609.4585073,2.0
1765024609.4693844,2.0
1765024609.4801695,2.0
1765024609.4910982,2.0
1765024609.5018516,2.0
1765024609.5124874,2.0
1765024609.5232728,2.0
1765024609.5340068,2.0
1765024609.5448225,2.0
1765024609.5556116,2.0
1765024609.5664122,2.0
1765024609.577159,2.0
1765024609.587943,2.0
1765024609.5987656,2.0
1765024609.6095538,2.0
1765024609.620319,2.0
1765024609.6310782,2.0
1765024609.6418543,2.0
1765024609.6528745,2.0
1765024609.6636407,2.0
1765024609.674491,2.0
1765024609.6852536,2.0
1765024609.6960096,2.0
1765024609.7068021,2.0
1765024609.7175732,2.0
1765024609.7284472,2.0
1765024609.7390845,2.0
1765024609.7499008,2.0
1765024609.7608461,2.0
1765024609.7716272,2.0
1765024609.7824838,2.0
1765024609.7932506,2.0
1765024609.8040338,2.0
1765024609.8148298,2.0
1765024609.8256483,2.0
1765024609.8364549,2.0
1765024609.847229,2.0
1765024609.8580282,2.0
1765024609.8688471,2.0
1765024609.8798895,2.0
1765024609.890726,2.0
1765024609.901491,2.0
1765024609.912246,2.0
1765024609.923056,2.0
1765024609.934313,2.0
1765024609.9450529,1.0
1765024609.95891,2.0
1765024609.9696112,2.0
1765024609.9804122,2.0
1765024609.991221,2.0
1765024610.002023,2.0
1765024610.0128002,2.0
1765024610.023543,2.0
1765024610.034334,2.0
1765024610.0451388,2.0
1765024610.0560324,2.0
1765024610.0668108,2.0
1765024610.0776405,2.0
1765024610.088421,2.0
1765024610.0993314,2.0
1765024610.1102283,2.0
1765024610.121003,2.0
1765024610.1331942,2.0
1765024610.1439476,2.0
1765024610.154787,2.0
1765024610.1655447,2.0
1765024610.176516,2.0
1765024610.187332,2.0
1765024610.1981132,2.0
1765024610.2089932,2.0
1765024610.219759,2.0
1765024610.2305312,2.0
1765024610.2412975,2.0
1765024610.252145,2.0
1765024610.2631145,2.0
1765024610.2738712,2.0
1765024610.2861075,2.0
1765024610.2969482,2.0
1765024610.3078125,2.0
1765024610.3186698,2.0
1765024610.3295538,2.0
1765024610.3404002,2.0
1765024610.351412,2.0
1765024610.3622506,2.0
1765024610.3731303,2.0
1765024610.384008,2.0
1765024610.3949664,2.0
1765024610.4058363,2.0
1765024610.4166753,2.0
1765024610.4275455,2.0
1765024610.4384253,2.0
1765024610.449274,2.0
1765024610.4601235,2.0
1765024610.4709687,2.0
1765024610.481897,2.0
1765024610.4928548,2.0
1765024610.503668,2.0
1765024610.514546,2.0
1765024610.525408,2.0
1765024610.5362494,2.0
1765024610.547143,2.0
1765024610.5579894,2.0
1765024610.5689812,2.0
1765024610.5798388,2.0
1765024610.5907068,2.0
1765024610.6015668,2.0
1765024610.6124067,2.0
1765024610.623271,2.0
1765024610.6341019,2.0
1765024610.645219,2.0
1765024610.6560602,2.0
1765024610.6666973,2.0
1765024610.6774988,2.0
1765024610.6884673,2.0
1765024610.699162,2.0
1765024610.7099135,2.0
1765024610.7208095,2.0
1765024610.7314825,2.0
1765024610.7421777,2.0
1765024610.7528713,2.0
1765024610.7635899,2.0
1765024610.7742827,2.0
1765024610.7849567,2.0
1765024610.79568,2.0
1765024610.806363,2.0
1765024610.8170853,2.0
1765024610.8278298,2.0
1765024610.8384955,2.0
1765024610.8493195,2.0
1765024610.8600008,2.0
1765024610.8707182,2.0
1765024610.8813944,2.0
1765024610.8922098,2.0
1765024610.9029338,2.0
1765024610.9136813,2.0
1765024610.9243703,2.0
1765024610.9351888,2.0
1765024610.9458761,2.0
1765024610.9565344,2.0
1765024610.9672546,2.0
1765024610.9779544,2.0
1765024610.9888942,2.0
1765024610.9995837,2.0
1765024611.010273,2.0
1765024611.0209723,2.0
1765024611.0316494,2.0
1765024611.0423493,2.0
1765024611.053035,2.0
1765024611.0637205,2.0
1765024611.0744061,2.0
1765024611.0851018,2.0
1765024611.0963433,2.0
1765024611.1070228,2.0
1765024611.1177459,2.0
1765024611.1284382,2.0
1765024611.139543,2.0
1765024611.1505373,2.0
1765024611.1612267,2.0
1765024611.1719112,2.0
1765024611.1881292,2.0
1765024611.2016943,2.0
1765024611.21261,2.0
1765024611.2237139,2.0
1765024611.2344244,2.0
1765024611.2452393,2.0
1765024611.255941,2.0
1765024611.2667074,2.0
1765024611.27744,2.0
1765024611.288172,2.0
1765024611.298934,2.0
1765024611.3098233,2.0
1765024611.320621,2.0
1765024611.3313909,2.0
1765024611.3421695,2.0
1765024611.3529415,2.0
1765024611.3636684,2.0
1765024611.3744206,2.0
1765024611.3853014,2.0
1765024611.3960576,2.0
1765024611.4067295,2.0
1765024611.4175012,2.0
1765024611.428236,2.0
1765024611.4389806,2.0
1765024611.4497292,2.0
1765024611.4605043,2.0
1765024611.4713547,2.0
1765024611.482178,2.0
1765024611.4931757,2.0
1765024611.5039432,2.0
1765024611.514895,2.0
1765024611.525757,2.0
1765024611.536614,2.0
1765024611.5474474,2.0
1765024611.5583804,2.0
1765024611.5691717,2.0
1765024611.5800185,2.0
1765024611.5907207,2.0
1765024611.6014612,2.0
1765024611.6122794,2.0
1765024611.623126,2.0
1765024611.6339684,2.0
1765024611.6450434,2.0
1765024611.6558142,2.0
1765024611.6667807,2.0
1765024611.677629,2.0
1765024611.6885922,2.0
1765024611.6994364,2.0
1765024611.7102933,2.0
1765024611.7214172,2.0
1765024611.7321217,2.0
1765024611.7429502,2.0
1765024611.7538311,2.0
1765024611.7650633,2.0
1765024611.775865,2.0
1765024611.7868254,2.0
1765024611.7976604,2.0
1765024611.808511,2.0
1765024611.8193383,2.0
1765024611.8301463,2.0
1765024611.8410218,2.0
1765024611.8518865,2.0
1765024611.8627295,2.0
1765024611.873563,2.0
1765024611.8843737,2.0
1765024611.8951964,2.0
1765024611.9060276,2.0
1765024611.9168513,2.0
1765024611.9278698,2.0
1765024611.9387016,2.0
1765024611.9497085,2.0
1765024611.9605465,2.0
1765024611.9713886,2.0
1765024611.9822133,2.0
1765024611.9930873,2.0
1765024612.0039105,2.0
1765024612.014776,2.0
1765024612.025621,2.0
1765024612.036617,2.0
1765024612.0475261,2.0
1765024612.0583801,2.0
1765024612.069201,2.0
1765024612.0800905,2.0
1765024612.090937,2.0
1765024612.1018772,2.0
1765024612.1127121,2.0
1765024612.1235154,2.0
1765024612.1354804,2.0
1765024612.1463687,2.0
1765024612.1574335,2.0
1765024612.1682744,2.0
1765024612.1793463,2.0
1765024612.1901667,2.0
1765024612.201066,2.0
1765024612.2118886,2.0
1765024612.2227554,2.0
1765024612.2335923,2.0
1765024612.244417,2.0
1765024612.2552562,2.0
1765024612.266087,2.0
1765024612.2769525,2.0
1765024612.2877855,2.0
1765024612.298675,2.0
1765024612.3095376,2.0
1765024612.3204384,2.0
1765024612.3312805,2.0
1765024612.342097,2.0
1765024612.3529046,2.0
1765024612.3637466,2.0
1765024612.3745577,2.0
1765024612.385404,2.0
1765024612.396217,2.0
1765024612.4070175,2.0
1765024612.418025,2.0
1765024612.4288454,2.0
1765024612.4398296,2.0
1765024612.4506457,2.0
1765024612.4615676,2.0
1765024612.4725182,2.0
1765024612.4833379,2.0
1765024612.4941907,2.0
1765024612.505254,2.0
1765024612.51608,2.0
1765024612.5269322,2.0
1765024612.5377593,2.0
1765024612.5485787,2.0
1765024612.559519,2.0
1765024612.5703351,2.0
1765024612.5811226,2.0
1765024612.5919895,2.0
1765024612.6028314,2.0
1765024612.61377,2.0
1765024612.624569,2.0
1765024612.6353767,2.0
1765024612.6466393,2.0
1765024612.6573074,2.0
1765024612.6681273,2.0
1765024612.6789424,2.0
1765024612.6898193,2.0
1765024612.7006435,2.0
1765024612.7114785,2.0
1765024612.7224367,2.0
1765024612.7331345,2.0
1765024612.7439497,2.0
1765024612.7547605,2.0
1765024612.7655764,2.0
1765024612.7764175,2.0
1765024612.7873785,2.0
1765024612.7981565,2.0
1765024612.809082,2.0
1765024612.8214548,2.0
1765024612.8323483,2.0
1765024612.8431733,2.0
1765024612.8540065,2.0
1765024612.8650694,2.0
1765024612.8758857,2.0
1765024612.8867266,2.0
1765024612.8975914,2.0
1765024612.9084072,2.0
1765024612.9192283,2.0
1765024612.9300516,2.0
1765024612.9408865,2.0
1765024612.9516895,2.0
1765024612.9625127,2.0
1765024612.976623,2.0
1765024612.987295,2.0
1765024612.9982748,2.0
1765024613.0090704,2.0
1765024613.0198774,2.0
1765024613.0307698,2.0
1765024613.041567,2.0
1765024613.0523973,2.0
1765024613.063211,2.0
1765024613.0740695,2.0
1765024613.085097,2.0
1765024613.096095,2.0
1765024613.1069012,2.0
1765024613.1177266,2.0
1765024613.1295614,2.0
1765024613.140636,2.0
1765024613.1514785,2.0
1765024613.1623986,2.0
1765024613.1732414,2.0
1765024613.1841342,2.0
1765024613.1950383,2.0
1765024613.2059932,2.0
1765024613.2168329,2.0
1765024613.2276967,2.0
1765024613.2384937,2.0
1765024613.2493303,2.0
1765024613.260191,2.0
1765024613.2710464,2.0
1765024613.281938,2.0
1765024613.2927775,2.0
1765024613.303618,2.0
1765024613.3144376,2.0
1765024613.3252451,2.0
1765024613.3362718,2.0
1765024613.3470845,2.0
1765024613.3578978,2.0
1765024613.3686914,2.0
1765024613.3795123,2.0
1765024613.3903887,2.0
1765024613.4012089,2.0
1765024613.412075,2.0
1765024613.4229083,2.0
1765024613.4339948,2.0
1765024613.4448583,2.0
1765024613.4558182,2.0
1765024613.4666407,2.0
1765024613.4775274,2.0
1765024613.4900932,2.0
1765024613.5008025,2.0
1765024613.5116377,2.0
1765024613.5224948,2.0
1765024613.5332956,2.0
1765024613.5442748,2.0
1765024613.5550694,2.0
1765024613.5658252,2.0
1765024613.5765991,2.0
1765024613.587493,2.0
1765024613.5982714,2.0
1765024613.6090727,2.0
1765024613.6199079,2.0
1765024613.6306865,2.0
1765024613.641345,2.0
1765024613.6523278,2.0
1765024613.6630957,2.0
1765024613.6738877,2.0
1765024613.6846514,2.0
1765024613.6954112,2.0
1765024613.7061415,2.0
1765024613.7170932,2.0
1765024613.7279227,2.0
1765024613.7386389,2.0
1765024613.7494178,2.0
1765024613.7602117,2.0
1765024613.7710822,2.0
1765024613.7817626,2.0
1765024613.792531,2.0
1765024613.8033168,2.0
1765024613.814084,2.0
1765024613.8248584,2.0
1765024613.83565,2.0
1765024613.8464522,2.0
1765024613.8572803,2.0
1765024613.868066,2.0
1765024613.8788333,2.0
1765024613.889696,2.0
1765024613.900529,2.0
1765024613.911287,2.0
1765024613.9221556,2.0
1765024613.9329298,2.0
1765024613.9437108,2.0
1765024613.9545465,2.0
1765024613.9653053,2.0
1765024613.9763618,2.0
1765024613.9871087,2.0
1765024613.9979782,2.0
1765024614.0087564,2.0
1765024614.0195608,2.0
1765024614.0303705,2.0
1765024614.0412164,2.0
1765024614.0520318,2.0
1765024614.0628092,2.0
1765024614.0735855,2.0
1765024614.0843596,2.0
1765024614.0956066,2.0
1765024614.106376,2.0
1765024614.117131,2.0
1765024614.1279397,2.0
1765024614.1390562,2.0
1765024614.150093,2.0
1765024614.1608806,2.0
1765024614.171811,2.0
1765024614.1827,2.0
1765024614.19349,2.0
1765024614.2043297,2.0
1765024614.215099,2.0
1765024614.225873,2.0
1765024614.236715,2.0
1765024614.247482,2.0
1765024614.2582517,2.0
1765024614.2692015,2.0
1765024614.2800205,2.0
1765024614.290812,2.0
1765024614.3015568,2.0
1765024614.3123884,2.0
1765024614.3231413,2.0
1765024614.3339162,2.0
1765024614.344683,2.0
1765024614.3555946,2.0
1765024614.3663652,2.0
1765024614.3771353,2.0
1765024614.387989,2.0
1765024614.3987687,2.0
1765024614.4095347,2.0
1765024614.4204285,2.0
1765024614.4311895,2.0
1765024614.4419863,2.0
1765024614.4528522,2.0
1765024614.4636793,2.0
1765024614.474475,2.0
1765024614.4852362,2.0
1765024614.4961157,2.0
1765024614.506897,2.0
1765024614.5178468,2.0
1765024614.5287,2.0
1765024614.5394752,2.0
1765024614.5503047,2.0
1765024614.5610495,2.0
1765024614.5718327,2.0
1765024614.5826116,2.0
1765024614.5933893,2.0
1765024614.6041903,2.0
1765024614.6148405,2.0
1765024614.6256077,2.0
1765024614.6363952,2.0
1765024614.647247,2.0
1765024614.6581328,2.0
1765024614.6689231,2.0
1765024614.6798553,2.0
1765024614.690729,2.0
1765024614.7014792,2.0
1765024614.7122483,2.0
1765024614.7231886,2.0
1765024614.7340772,2.0
1765024614.7448227,2.0
1765024614.75567,2.0
1765024614.7664595,2.0
1765024614.7772377,2.0
1765024614.7880433,2.0
1765024614.798944,2.0
1765024614.8096836,2.0
1765024614.8204682,2.0
1765024614.831372,2.0
1765024614.8421438,2.0
1765024614.8529272,2.0
1765024614.8638802,2.0
1765024614.8746421,2.0
1765024614.8855708,2.0
1765024614.8964531,2.0
1765024614.907235,2.0
1765024614.9180062,2.0
1765024614.928783,2.0
1765024614.9396038,2.0
1765024614.9503732,2.0
1765024614.9611337,2.0
1765024614.9719381,2.0
1765024614.9827576,2.0
1765024614.9935522,2.0
1765024615.0043042,2.0
1765024615.0150626,2.0
1765024615.0258236,2.0
1765024615.0366943,2.0
1765024615.0474727,2.0
1765024615.0582156,2.0
1765024615.0689766,2.0
1765024615.0797532,2.0
1765024615.0905163,2.0
1765024615.101769,2.0
1765024615.1125517,2.0
1765024615.1233382,2.0
1765024615.1351037,2.0
1765024615.1458342,2.0
1765024615.156634,2.0
1765024615.1674128,2.0
1765024615.178362,2.0
1765024615.1892848,2.0
1765024615.20009,2.0
1765024615.210842,2.0
1765024615.2216992,2.0
1765024615.2328808,2.0
1765024615.243691,2.0
1765024615.2545376,2.0
1765024615.2653396,2.0
1765024615.2761312,2.0
1765024615.2869008,2.0
1765024615.297698,2.0
1765024615.3085697,2.0
1765024615.3193333,2.0
1765024615.3301497,2.0
1765024615.3409374,2.0
1765024615.3517337,2.0
1765024615.3625412,2.0
1765024615.3733213,2.0
1765024615.3841028,2.0
1765024615.3948894,2.0
1765024615.4056726,2.0
1765024615.4165344,2.0
1765024615.4273367,2.0
1765024615.438137,2.0
1765024615.4489057,2.0
1765024615.4596817,2.0
1765024615.4703555,2.0
1765024615.4810963,2.0
1765024615.4918687,2.0
1765024615.5027056,2.0
1765024615.5134861,2.0
1765024615.524391,2.0
1765024615.5352116,2.0
1765024615.5460305,2.0
1765024615.5567937,2.0
1765024615.5675664,2.0
1765024615.5783734,2.0
1765024615.5891614,2.0
1765024615.6000845,2.0
1765024615.6108866,2.0
1765024615.6216772,2.0
1765024615.6324399,2.0
1765024615.6432068,2.0
1765024615.6540763,2.0
1765024615.664877,2.0
1765024615.675655,2.0
1765024615.686469,2.0
1765024615.6971946,2.0
1765024615.707973,2.0
1765024615.7187762,2.0
1765024615.7295582,2.0
1765024615.7403092,2.0
1765024615.7512584,2.0
1765024615.7620237,2.0
1765024615.7729974,2.0
1765024615.7837663,2.0
1765024615.7945268,2.0
1765024615.8052979,2.0
1765024615.8160481,2.0
1765024615.8268757,2.0
1765024615.8376565,2.0
1765024615.8484743,2.0
1765024615.8594282,2.0
1765024615.8701937,2.0
1765024615.8810406,2.0
1765024615.891814,2.0
1765024615.9026065,2.0
1765024615.913428,2.0
1765024615.9242256,2.0
1765024615.9349842,2.0
1765024615.9457726,2.0
1765024615.9566739,2.0
1765024615.967461,2.0
1765024615.9784064,2.0
1765024615.989397,2.0
1765024616.0001502,2.0
1765024616.0109,2.0
1765024616.0220835,2.0
1765024616.0330229,2.0
1765024616.0438201,2.0
1765024616.0546148,2.0
1765024616.0654154,2.0
1765024616.0761747,2.0
1765024616.0869865,2.0
1765024616.0980923,2.0
1765024616.1088939,2.0
1765024616.1196682,2.0
1765024616.1317925,2.0
1765024616.1425288,2.0
1765024616.1532772,2.0
1765024616.163948,2.0
1765024616.1748657,2.0
1765024616.1857536,2.0
1765024616.1965013,2.0
1765024616.207276,2.0
1765024616.2182164,2.0
1765024616.2289834,2.0
1765024616.239779,2.0
1765024616.2505612,2.0
1765024616.2614667,2.0
1765024616.272248,2.0
1765024616.2830155,2.0
1765024616.2938282,2.0
1765024616.3046238,2.0
1765024616.3153977,2.0
1765024616.326022,2.0
1765024616.3367586,2.0
1765024616.3475366,2.0
1765024616.3583221,2.0
1765024616.3690984,2.0
1765024616.3800762,2.0
1765024616.3908684,2.0
1765024616.4016597,2.0
1765024616.41245,2.0
1765024616.4232466,2.0
1765024616.4340796,2.0
1765024616.4448392,2.0
1765024616.455619,2.0
1765024616.4664135,2.0
1765024616.477323,2.0
1765024616.4881113,2.0
1765024616.4989078,2.0
1765024616.509746,2.0
1765024616.520517,2.0
1765024616.5314465,2.0
1765024616.5422544,2.0
1765024616.553184,2.0
1765024616.5639806,2.0
1765024616.574735,2.0
1765024616.5855138,2.0
1765024616.5963068,2.0
1765024616.6070666,2.0
1765024616.6180344,2.0
1765024616.6288254,2.0
1765024616.639585,2.0
1765024616.6504803,2.0
1765024616.661215,2.0
1765024616.6719897,2.0
1765024616.6827414,2.0
1765024616.693504,2.0
1765024616.7042477,2.0
1765024616.715018,2.0
1765024616.7260573,2.0
1765024616.7368176,2.0
1765024616.747595,2.0
1765024616.7583475,2.0
1765024616.7691147,2.0
1765024616.7798781,2.0
1765024616.7906797,2.0
1765024616.7961783,1.0
