time,scope,value
1764784919.9622328,nrm.extra.perf.PAPI_L3_TCA.419089,737078421.0
1764784919.9622328,nrm.extra.perf.PAPI_TOT_INS.419089,256723346864.0
1764784919.9622328,nrm.extra.perf.PAPI_TOT_CYC.419089,285235562632.0
1764784919.9622328,nrm.extra.perf.PAPI_RES_STL.419089,107746147909.0
1764784919.9622328,nrm.extra.perf.PAPI_L3_TCM.419089,650127967.0
1764784920.972385,nrm.extra.perf.PAPI_L3_TCA.419089,1187705013.0
1764784920.972385,nrm.extra.perf.PAPI_TOT_INS.419089,414996042504.0
1764784920.972385,nrm.extra.perf.PAPI_TOT_CYC.419089,445673829659.0
1764784920.972385,nrm.extra.perf.PAPI_RES_STL.419089,158736153207.0
1764784920.972385,nrm.extra.perf.PAPI_L3_TCM.419089,1060800465.0
1764784921.9620728,nrm.extra.perf.PAPI_L3_TCA.419089,1666492275.0
1764784921.9620728,nrm.extra.perf.PAPI_TOT_INS.419089,564018173823.0
1764784921.9620728,nrm.extra.perf.PAPI_TOT_CYC.419089,590421451847.0
1764784921.9620728,nrm.extra.perf.PAPI_RES_STL.419089,202189672071.0
1764784921.9620728,nrm.extra.perf.PAPI_L3_TCM.419089,1474084474.0
1764784922.9657433,nrm.extra.perf.PAPI_L3_TCA.419089,2103606779.0
1764784922.9657433,nrm.extra.perf.PAPI_TOT_INS.419089,734478749124.0
1764784922.9657433,nrm.extra.perf.PAPI_TOT_CYC.419089,748946157990.0
1764784922.9657433,nrm.extra.perf.PAPI_RES_STL.419089,245990143206.0
1764784922.9657433,nrm.extra.perf.PAPI_L3_TCM.419089,1862432132.0
1764784923.961966,nrm.extra.perf.PAPI_L3_TCA.419089,2585200359.0
1764784923.961966,nrm.extra.perf.PAPI_TOT_INS.419089,886148092625.0
1764784923.961966,nrm.extra.perf.PAPI_TOT_CYC.419089,910879554894.0
1764784923.961966,nrm.extra.perf.PAPI_RES_STL.419089,292043357614.0
1764784923.961966,nrm.extra.perf.PAPI_L3_TCM.419089,2293343616.0
1764784924.9633062,nrm.extra.perf.PAPI_L3_TCA.419089,3032240954.0
1764784924.9633062,nrm.extra.perf.PAPI_TOT_INS.419089,1045640106035.0
1764784924.9633062,nrm.extra.perf.PAPI_TOT_CYC.419089,1066937419447.0
1764784924.9633062,nrm.extra.perf.PAPI_RES_STL.419089,333414676992.0
1764784924.9633062,nrm.extra.perf.PAPI_L3_TCM.419089,2686560388.0
1764784925.9656084,nrm.extra.perf.PAPI_L3_TCA.419089,3538421957.0
1764784925.9656084,nrm.extra.perf.PAPI_TOT_INS.419089,1210887574786.0
1764784925.9656084,nrm.extra.perf.PAPI_TOT_CYC.419089,1223484287154.0
1764784925.9656084,nrm.extra.perf.PAPI_RES_STL.419089,377764691735.0
1764784925.9656084,nrm.extra.perf.PAPI_L3_TCM.419089,3137228770.0
1764784926.961823,nrm.extra.perf.PAPI_L3_TCA.419089,3982864670.0
1764784926.961823,nrm.extra.perf.PAPI_TOT_INS.419089,1383468443138.0
1764784926.961823,nrm.extra.perf.PAPI_TOT_CYC.419089,1378425195781.0
1764784926.961823,nrm.extra.perf.PAPI_RES_STL.419089,417700220402.0
1764784926.961823,nrm.extra.perf.PAPI_L3_TCM.419089,3521225232.0
1764784927.963986,nrm.extra.perf.PAPI_L3_TCA.419089,4494388182.0
1764784927.963986,nrm.extra.perf.PAPI_TOT_INS.419089,1548493211516.0
1764784927.963986,nrm.extra.perf.PAPI_TOT_CYC.419089,1534485676359.0
1764784927.963986,nrm.extra.perf.PAPI_RES_STL.419089,458284281949.0
1764784927.963986,nrm.extra.perf.PAPI_L3_TCM.419089,3952382340.0
1764784928.963004,nrm.extra.perf.PAPI_L3_TCA.419089,5007210436.0
1764784928.963004,nrm.extra.perf.PAPI_TOT_INS.419089,1715789624474.0
1764784928.963004,nrm.extra.perf.PAPI_TOT_CYC.419089,1693130626078.0
1764784928.963004,nrm.extra.perf.PAPI_RES_STL.419089,500560846915.0
1764784928.963004,nrm.extra.perf.PAPI_L3_TCM.419089,4388451246.0
1764784929.961749,nrm.extra.perf.PAPI_L3_TCA.419089,5445138496.0
1764784929.961749,nrm.extra.perf.PAPI_TOT_INS.419089,1889322432219.0
1764784929.961749,nrm.extra.perf.PAPI_TOT_CYC.419089,1845438973541.0
1764784929.961749,nrm.extra.perf.PAPI_RES_STL.419089,538868829221.0
1764784929.961749,nrm.extra.perf.PAPI_L3_TCM.419089,4761015034.0
1764784930.9620438,nrm.extra.perf.PAPI_L3_TCA.419089,5959637049.0
1764784930.9620438,nrm.extra.perf.PAPI_TOT_INS.419089,2058219490968.0
1764784930.9620438,nrm.extra.perf.PAPI_TOT_CYC.419089,1999109197201.0
1764784930.9620438,nrm.extra.perf.PAPI_RES_STL.419089,578414553817.0
1764784930.9620438,nrm.extra.perf.PAPI_L3_TCM.419089,5197489637.0
1764784931.9620407,nrm.extra.perf.PAPI_L3_TCA.419089,6476425214.0
1764784931.9620407,nrm.extra.perf.PAPI_TOT_INS.419089,2230511569546.0
1764784931.9620407,nrm.extra.perf.PAPI_TOT_CYC.419089,2155973510600.0
1764784931.9620407,nrm.extra.perf.PAPI_RES_STL.419089,619892043224.0
1764784931.9620407,nrm.extra.perf.PAPI_L3_TCM.419089,5637667135.0
1764784932.9646485,nrm.extra.perf.PAPI_L3_TCA.419089,6928470122.0
1764784932.9646485,nrm.extra.perf.PAPI_TOT_INS.419089,2394492587241.0
1764784932.9646485,nrm.extra.perf.PAPI_TOT_CYC.419089,2311034900994.0
1764784932.9646485,nrm.extra.perf.PAPI_RES_STL.419089,658854470867.0
1764784932.9646485,nrm.extra.perf.PAPI_L3_TCM.419089,6031121140.0
1764784933.9639452,nrm.extra.perf.PAPI_L3_TCA.419089,7428356896.0
1764784933.9639452,nrm.extra.perf.PAPI_TOT_INS.419089,2569691059239.0
1764784933.9639452,nrm.extra.perf.PAPI_TOT_CYC.419089,2466205222726.0
1764784933.9639452,nrm.extra.perf.PAPI_RES_STL.419089,698336077322.0
1764784933.9639452,nrm.extra.perf.PAPI_L3_TCM.419089,6447300262.0
1764784934.9660437,nrm.extra.perf.PAPI_L3_TCA.419089,7941780034.0
1764784934.9660437,nrm.extra.perf.PAPI_TOT_INS.419089,2736255186544.0
1764784934.9660437,nrm.extra.perf.PAPI_TOT_CYC.419089,2621457330301.0
1764784934.9660437,nrm.extra.perf.PAPI_RES_STL.419089,742870849118.0
1764784934.9660437,nrm.extra.perf.PAPI_L3_TCM.419089,6881939212.0
1764784935.9658225,nrm.extra.perf.PAPI_L3_TCA.419089,8390134959.0
1764784935.9658225,nrm.extra.perf.PAPI_TOT_INS.419089,2897668980883.0
1764784935.9658225,nrm.extra.perf.PAPI_TOT_CYC.419089,2780142801723.0
1764784935.9658225,nrm.extra.perf.PAPI_RES_STL.419089,786099785782.0
1764784935.9658225,nrm.extra.perf.PAPI_L3_TCM.419089,7270120870.0
1764784936.9618049,nrm.extra.perf.PAPI_L3_TCA.419089,8878718547.0
1764784936.9618049,nrm.extra.perf.PAPI_TOT_INS.419089,3058485991135.0
1764784936.9618049,nrm.extra.perf.PAPI_TOT_CYC.419089,2933900913918.0
1764784936.9618049,nrm.extra.perf.PAPI_RES_STL.419089,825990740443.0
1764784936.9618049,nrm.extra.perf.PAPI_L3_TCM.419089,7675522948.0
1764784937.9616451,nrm.extra.perf.PAPI_L3_TCA.419089,9327505239.0
1764784937.9616451,nrm.extra.perf.PAPI_TOT_INS.419089,3222120494474.0
1764784937.9616451,nrm.extra.perf.PAPI_TOT_CYC.419089,3084434842492.0
1764784937.9616451,nrm.extra.perf.PAPI_RES_STL.419089,862702731906.0
1764784937.9616451,nrm.extra.perf.PAPI_L3_TCM.419089,8058854022.0
1764784938.963961,nrm.extra.perf.PAPI_L3_TCA.419089,9831613738.0
1764784938.963961,nrm.extra.perf.PAPI_TOT_INS.419089,3398337726774.0
1764784938.963961,nrm.extra.perf.PAPI_TOT_CYC.419089,3244350142218.0
1764784938.963961,nrm.extra.perf.PAPI_RES_STL.419089,901758614332.0
1764784938.963961,nrm.extra.perf.PAPI_L3_TCM.419089,8487737692.0
1764784939.9618764,nrm.extra.perf.PAPI_L3_TCA.419089,10349377926.0
1764784939.9618764,nrm.extra.perf.PAPI_TOT_INS.419089,3571304536504.0
1764784939.9618764,nrm.extra.perf.PAPI_TOT_CYC.419089,3401308294424.0
1764784939.9618764,nrm.extra.perf.PAPI_RES_STL.419089,941768019718.0
1764784939.9618764,nrm.extra.perf.PAPI_L3_TCM.419089,8929223768.0
1764784940.9650443,nrm.extra.perf.PAPI_L3_TCA.419089,10865674628.0
1764784940.9650443,nrm.extra.perf.PAPI_TOT_INS.419089,3743658896230.0
1764784940.9650443,nrm.extra.perf.PAPI_TOT_CYC.419089,3560979919901.0
1764784940.9650443,nrm.extra.perf.PAPI_RES_STL.419089,982239367008.0
1764784940.9650443,nrm.extra.perf.PAPI_L3_TCM.419089,9369758731.0
1764784941.964069,nrm.extra.perf.PAPI_L3_TCA.419089,11387556052.0
1764784941.964069,nrm.extra.perf.PAPI_TOT_INS.419089,3922268068258.0
1764784941.964069,nrm.extra.perf.PAPI_TOT_CYC.419089,3717376884167.0
1764784941.964069,nrm.extra.perf.PAPI_RES_STL.419089,1022969136772.0
1764784941.964069,nrm.extra.perf.PAPI_L3_TCM.419089,9813792238.0
1764784942.963003,nrm.extra.perf.PAPI_L3_TCA.419089,11903187070.0
1764784942.963003,nrm.extra.perf.PAPI_TOT_INS.419089,4093415273724.0
1764784942.963003,nrm.extra.perf.PAPI_TOT_CYC.419089,3874808912445.0
1764784942.963003,nrm.extra.perf.PAPI_RES_STL.419089,1063166402696.0
1764784942.963003,nrm.extra.perf.PAPI_L3_TCM.419089,10253088572.0
1764784943.9637136,nrm.extra.perf.PAPI_L3_TCA.419089,12413643323.0
1764784943.9637136,nrm.extra.perf.PAPI_TOT_INS.419089,4267156849001.0
1764784943.9637136,nrm.extra.perf.PAPI_TOT_CYC.419089,4030994949385.0
1764784943.9637136,nrm.extra.perf.PAPI_RES_STL.419089,1103585811270.0
1764784943.9637136,nrm.extra.perf.PAPI_L3_TCM.419089,10692445961.0
1764784944.9629996,nrm.extra.perf.PAPI_L3_TCA.419089,12856555158.0
1764784944.9629996,nrm.extra.perf.PAPI_TOT_INS.419089,4435615197926.0
1764784944.9629996,nrm.extra.perf.PAPI_TOT_CYC.419089,4189705863364.0
1764784944.9629996,nrm.extra.perf.PAPI_RES_STL.419089,1139845059092.0
1764784944.9629996,nrm.extra.perf.PAPI_L3_TCM.419089,11067826041.0
1764784945.9614036,nrm.extra.perf.PAPI_L3_TCA.419089,13377523570.0
1764784945.9614036,nrm.extra.perf.PAPI_TOT_INS.419089,4612322638029.0
1764784945.9614036,nrm.extra.perf.PAPI_TOT_CYC.419089,4345410631697.0
1764784945.9614036,nrm.extra.perf.PAPI_RES_STL.419089,1180442729306.0
1764784945.9614036,nrm.extra.perf.PAPI_L3_TCM.419089,11512471849.0
1764784946.961506,nrm.extra.perf.PAPI_L3_TCA.419089,13892430860.0
1764784946.961506,nrm.extra.perf.PAPI_TOT_INS.419089,4780751499951.0
1764784946.961506,nrm.extra.perf.PAPI_TOT_CYC.419089,4502754391572.0
1764784946.961506,nrm.extra.perf.PAPI_RES_STL.419089,1220497036680.0
1764784946.961506,nrm.extra.perf.PAPI_L3_TCM.419089,11950645899.0
1764784947.9640515,nrm.extra.perf.PAPI_L3_TCA.419089,14398068263.0
1764784947.9640515,nrm.extra.perf.PAPI_TOT_INS.419089,4951146696701.0
1764784947.9640515,nrm.extra.perf.PAPI_TOT_CYC.419089,4659114104830.0
1764784947.9640515,nrm.extra.perf.PAPI_RES_STL.419089,1260807382674.0
1764784947.9640515,nrm.extra.perf.PAPI_L3_TCM.419089,12387091978.0
1764784948.9703245,nrm.extra.perf.PAPI_L3_TCA.419089,14869472241.0
1764784948.9703245,nrm.extra.perf.PAPI_TOT_INS.419089,5127750825285.0
1764784948.9703245,nrm.extra.perf.PAPI_TOT_CYC.419089,4814732650080.0
1764784948.9703245,nrm.extra.perf.PAPI_RES_STL.419089,1300162552596.0
1764784948.9703245,nrm.extra.perf.PAPI_L3_TCM.419089,12793244665.0
1764784949.9620433,nrm.extra.perf.PAPI_L3_TCA.419089,15367566639.0
1764784949.9620433,nrm.extra.perf.PAPI_TOT_INS.419089,5301310872652.0
1764784949.9620433,nrm.extra.perf.PAPI_TOT_CYC.419089,4971198792135.0
1764784949.9620433,nrm.extra.perf.PAPI_RES_STL.419089,1338853048251.0
1764784949.9620433,nrm.extra.perf.PAPI_L3_TCM.419089,13209647711.0
1764784950.9620063,nrm.extra.perf.PAPI_L3_TCA.419089,15880820946.0
1764784950.9620063,nrm.extra.perf.PAPI_TOT_INS.419089,5468551808564.0
1764784950.9620063,nrm.extra.perf.PAPI_TOT_CYC.419089,5127841128122.0
1764784950.9620063,nrm.extra.perf.PAPI_RES_STL.419089,1378752466521.0
1764784950.9620063,nrm.extra.perf.PAPI_L3_TCM.419089,13646381666.0
1764784951.9619613,nrm.extra.perf.PAPI_L3_TCA.419089,16373496116.0
1764784951.9619613,nrm.extra.perf.PAPI_TOT_INS.419089,5634811092476.0
1764784951.9619613,nrm.extra.perf.PAPI_TOT_CYC.419089,5286670082704.0
1764784951.9619613,nrm.extra.perf.PAPI_RES_STL.419089,1417455102958.0
1764784951.9619613,nrm.extra.perf.PAPI_L3_TCM.419089,14068316107.0
1764784952.9673815,nrm.extra.perf.PAPI_L3_TCA.419089,16848909349.0
1764784952.9673815,nrm.extra.perf.PAPI_TOT_INS.419089,5811641464685.0
1764784952.9673815,nrm.extra.perf.PAPI_TOT_CYC.419089,5443992759536.0
1764784952.9673815,nrm.extra.perf.PAPI_RES_STL.419089,1456621823929.0
1764784952.9673815,nrm.extra.perf.PAPI_L3_TCM.419089,14474178082.0
1764784953.9619489,nrm.extra.perf.PAPI_L3_TCA.419089,17344086457.0
1764784953.9619489,nrm.extra.perf.PAPI_TOT_INS.419089,5973501931722.0
1764784953.9619489,nrm.extra.perf.PAPI_TOT_CYC.419089,5601361492489.0
1764784953.9619489,nrm.extra.perf.PAPI_RES_STL.419089,1494078285169.0
1764784953.9619489,nrm.extra.perf.PAPI_L3_TCM.419089,14893034319.0
1764784954.9619932,nrm.extra.perf.PAPI_L3_TCA.419089,17861542306.0
1764784954.9619932,nrm.extra.perf.PAPI_TOT_INS.419089,6147255555413.0
1764784954.9619932,nrm.extra.perf.PAPI_TOT_CYC.419089,5760187951085.0
1764784954.9619932,nrm.extra.perf.PAPI_RES_STL.419089,1534203326443.0
1764784954.9619932,nrm.extra.perf.PAPI_L3_TCM.419089,15333753517.0
1764784955.9619575,nrm.extra.perf.PAPI_L3_TCA.419089,18379677533.0
1764784955.9619575,nrm.extra.perf.PAPI_TOT_INS.419089,6320211948727.0
1764784955.9619575,nrm.extra.perf.PAPI_TOT_CYC.419089,5917021766391.0
1764784955.9619575,nrm.extra.perf.PAPI_RES_STL.419089,1574808599134.0
1764784955.9619575,nrm.extra.perf.PAPI_L3_TCM.419089,15775772209.0
1764784956.963492,nrm.extra.perf.PAPI_L3_TCA.419089,18862944154.0
1764784956.963492,nrm.extra.perf.PAPI_TOT_INS.419089,6497199070775.0
1764784956.963492,nrm.extra.perf.PAPI_TOT_CYC.419089,6070847574619.0
1764784956.963492,nrm.extra.perf.PAPI_RES_STL.419089,1614313300911.0
1764784956.963492,nrm.extra.perf.PAPI_L3_TCM.419089,16193467184.0
1764784957.9616883,nrm.extra.perf.PAPI_L3_TCA.419089,19343248142.0
1764784957.9616883,nrm.extra.perf.PAPI_TOT_INS.419089,6674112527589.0
1764784957.9616883,nrm.extra.perf.PAPI_TOT_CYC.419089,6226918263323.0
1764784957.9616883,nrm.extra.perf.PAPI_RES_STL.419089,1652860626327.0
1764784957.9616883,nrm.extra.perf.PAPI_L3_TCM.419089,16597943776.0
1764784958.9615636,nrm.extra.perf.PAPI_L3_TCA.419089,19858384114.0
1764784958.9615636,nrm.extra.perf.PAPI_TOT_INS.419089,6843526726378.0
1764784958.9615636,nrm.extra.perf.PAPI_TOT_CYC.419089,6381311271308.0
1764784958.9615636,nrm.extra.perf.PAPI_RES_STL.419089,1692898871246.0
1764784958.9615636,nrm.extra.perf.PAPI_L3_TCM.419089,17038230855.0
1764784959.9620235,nrm.extra.perf.PAPI_L3_TCA.419089,20368953561.0
1764784959.9620235,nrm.extra.perf.PAPI_TOT_INS.419089,7008579346048.0
1764784959.9620235,nrm.extra.perf.PAPI_TOT_CYC.419089,6542289082192.0
1764784959.9620235,nrm.extra.perf.PAPI_RES_STL.419089,1732810305769.0
1764784959.9620235,nrm.extra.perf.PAPI_L3_TCM.419089,17475445140.0
1764784960.962082,nrm.extra.perf.PAPI_L3_TCA.419089,20889930500.0
1764784960.962082,nrm.extra.perf.PAPI_TOT_INS.419089,7185126816137.0
1764784960.962082,nrm.extra.perf.PAPI_TOT_CYC.419089,6698009987473.0
1764784960.962082,nrm.extra.perf.PAPI_RES_STL.419089,1773867900833.0
1764784960.962082,nrm.extra.perf.PAPI_L3_TCM.419089,17919963162.0
1764784961.9622343,nrm.extra.perf.PAPI_L3_TCA.419089,21410006084.0
1764784961.9622343,nrm.extra.perf.PAPI_TOT_INS.419089,7361120352779.0
1764784961.9622343,nrm.extra.perf.PAPI_TOT_CYC.419089,6855875700473.0
1764784961.9622343,nrm.extra.perf.PAPI_RES_STL.419089,1814504846055.0
1764784961.9622343,nrm.extra.perf.PAPI_L3_TCM.419089,18362580102.0
1764784962.9617047,nrm.extra.perf.PAPI_L3_TCA.419089,21860305048.0
1764784962.9617047,nrm.extra.perf.PAPI_TOT_INS.419089,7537115976118.0
1764784962.9617047,nrm.extra.perf.PAPI_TOT_CYC.419089,7013296833990.0
1764784962.9617047,nrm.extra.perf.PAPI_RES_STL.419089,1852323233769.0
1764784962.9617047,nrm.extra.perf.PAPI_L3_TCM.419089,18749015093.0
1764784963.9629133,nrm.extra.perf.PAPI_L3_TCA.419089,22365121361.0
1764784963.9629133,nrm.extra.perf.PAPI_TOT_INS.419089,7709397485351.0
1764784963.9629133,nrm.extra.perf.PAPI_TOT_CYC.419089,7172475824654.0
1764784963.9629133,nrm.extra.perf.PAPI_RES_STL.419089,1891443191871.0
1764784963.9629133,nrm.extra.perf.PAPI_L3_TCM.419089,19179532304.0
1764784964.9619658,nrm.extra.perf.PAPI_L3_TCA.419089,22885610290.0
1764784964.9619658,nrm.extra.perf.PAPI_TOT_INS.419089,7887583085623.0
1764784964.9619658,nrm.extra.perf.PAPI_TOT_CYC.419089,7328840381045.0
1764784964.9619658,nrm.extra.perf.PAPI_RES_STL.419089,1931904311046.0
1764784964.9619658,nrm.extra.perf.PAPI_L3_TCM.419089,19623725590.0
1764784965.964899,nrm.extra.perf.PAPI_L3_TCA.419089,23398934698.0
1764784965.964899,nrm.extra.perf.PAPI_TOT_INS.419089,8056794149906.0
1764784965.964899,nrm.extra.perf.PAPI_TOT_CYC.419089,7488825607669.0
1764784965.964899,nrm.extra.perf.PAPI_RES_STL.419089,1971141612638.0
1764784965.964899,nrm.extra.perf.PAPI_L3_TCM.419089,20061031563.0
1764784966.9614997,nrm.extra.perf.PAPI_L3_TCA.419089,23918947176.0
1764784966.9614997,nrm.extra.perf.PAPI_TOT_INS.419089,8233478537666.0
1764784966.9614997,nrm.extra.perf.PAPI_TOT_CYC.419089,7644183739462.0
1764784966.9614997,nrm.extra.perf.PAPI_RES_STL.419089,2011412914191.0
1764784966.9614997,nrm.extra.perf.PAPI_L3_TCM.419089,20504318281.0
1764784967.9619665,nrm.extra.perf.PAPI_L3_TCA.419089,24434877337.0
1764784967.9619665,nrm.extra.perf.PAPI_TOT_INS.419089,8403505164255.0
1764784967.9619665,nrm.extra.perf.PAPI_TOT_CYC.419089,7798092326145.0
1764784967.9619665,nrm.extra.perf.PAPI_RES_STL.419089,2051476701878.0
1764784967.9619665,nrm.extra.perf.PAPI_L3_TCM.419089,20944807312.0
1764784968.9650366,nrm.extra.perf.PAPI_L3_TCA.419089,24886419793.0
1764784968.9650366,nrm.extra.perf.PAPI_TOT_INS.419089,8578728761660.0
1764784968.9650366,nrm.extra.perf.PAPI_TOT_CYC.419089,7954477428225.0
1764784968.9650366,nrm.extra.perf.PAPI_RES_STL.419089,2090097551552.0
1764784968.9650366,nrm.extra.perf.PAPI_L3_TCM.419089,21334193106.0
1764784969.9619806,nrm.extra.perf.PAPI_L3_TCA.419089,25395545886.0
1764784969.9619806,nrm.extra.perf.PAPI_TOT_INS.419089,8754247616197.0
1764784969.9619806,nrm.extra.perf.PAPI_TOT_CYC.419089,8108476088730.0
1764784969.9619806,nrm.extra.perf.PAPI_RES_STL.419089,2129852793075.0
1764784969.9619806,nrm.extra.perf.PAPI_L3_TCM.419089,21766393269.0
1764784970.9615076,nrm.extra.perf.PAPI_L3_TCA.419089,25904798272.0
1764784970.9615076,nrm.extra.perf.PAPI_TOT_INS.419089,8916194986812.0
1764784970.9615076,nrm.extra.perf.PAPI_TOT_CYC.419089,8267106026626.0
1764784970.9615076,nrm.extra.perf.PAPI_RES_STL.419089,2169873565101.0
1764784970.9615076,nrm.extra.perf.PAPI_L3_TCM.419089,22201329666.0
1764784971.9639928,nrm.extra.perf.PAPI_L3_TCA.419089,26421761994.0
1764784971.9639928,nrm.extra.perf.PAPI_TOT_INS.419089,9086930102827.0
1764784971.9639928,nrm.extra.perf.PAPI_TOT_CYC.419089,8424299655663.0
1764784971.9639928,nrm.extra.perf.PAPI_RES_STL.419089,2211149914981.0
1764784971.9639928,nrm.extra.perf.PAPI_L3_TCM.419089,22642606892.0
1764784972.9623446,nrm.extra.perf.PAPI_L3_TCA.419089,26861307514.0
1764784972.9623446,nrm.extra.perf.PAPI_TOT_INS.419089,9261642873840.0
1764784972.9623446,nrm.extra.perf.PAPI_TOT_CYC.419089,8581600983229.0
1764784972.9623446,nrm.extra.perf.PAPI_RES_STL.419089,2248595451312.0
1764784972.9623446,nrm.extra.perf.PAPI_L3_TCM.419089,23018149517.0
1764784973.9620073,nrm.extra.perf.PAPI_L3_TCA.419089,27380239876.0
1764784973.9620073,nrm.extra.perf.PAPI_TOT_INS.419089,9435665486155.0
1764784973.9620073,nrm.extra.perf.PAPI_TOT_CYC.419089,8738906526058.0
1764784973.9620073,nrm.extra.perf.PAPI_RES_STL.419089,2289524557326.0
1764784973.9620073,nrm.extra.perf.PAPI_L3_TCM.419089,23461188630.0
1764784974.96251,nrm.extra.perf.PAPI_L3_TCA.419089,27898098231.0
1764784974.96251,nrm.extra.perf.PAPI_TOT_INS.419089,9608754435883.0
1764784974.96251,nrm.extra.perf.PAPI_TOT_CYC.419089,8894809064191.0
1764784974.96251,nrm.extra.perf.PAPI_RES_STL.419089,2330877432558.0
1764784974.96251,nrm.extra.perf.PAPI_L3_TCM.419089,23904084302.0
1764784975.9640632,nrm.extra.perf.PAPI_L3_TCA.419089,28409477546.0
1764784975.9640632,nrm.extra.perf.PAPI_TOT_INS.419089,9773115285960.0
1764784975.9640632,nrm.extra.perf.PAPI_TOT_CYC.419089,9054040753031.0
1764784975.9640632,nrm.extra.perf.PAPI_RES_STL.419089,2371529185615.0
1764784975.9640632,nrm.extra.perf.PAPI_L3_TCM.419089,24342187676.0
1764784976.97229,nrm.extra.perf.PAPI_L3_TCA.419089,28881210258.0
1764784976.97229,nrm.extra.perf.PAPI_TOT_INS.419089,9947091158651.0
1764784976.97229,nrm.extra.perf.PAPI_TOT_CYC.419089,9209650649493.0
1764784976.97229,nrm.extra.perf.PAPI_RES_STL.419089,2411426431645.0
1764784976.97229,nrm.extra.perf.PAPI_L3_TCM.419089,24753739003.0
1764784977.9615967,nrm.extra.perf.PAPI_L3_TCA.419089,29368953286.0
1764784977.9615967,nrm.extra.perf.PAPI_TOT_INS.419089,10124108536392.0
1764784977.9615967,nrm.extra.perf.PAPI_TOT_CYC.419089,9366491303185.0
1764784977.9615967,nrm.extra.perf.PAPI_RES_STL.419089,2450317494998.0
1764784977.9615967,nrm.extra.perf.PAPI_L3_TCM.419089,25161511641.0
1764784978.962015,nrm.extra.perf.PAPI_L3_TCA.419089,29875362358.0
1764784978.962015,nrm.extra.perf.PAPI_TOT_INS.419089,10282281137967.0
1764784978.962015,nrm.extra.perf.PAPI_TOT_CYC.419089,9527678650991.0
1764784978.962015,nrm.extra.perf.PAPI_RES_STL.419089,2490170585552.0
1764784978.962015,nrm.extra.perf.PAPI_L3_TCM.419089,25594134816.0
1764784979.9623334,nrm.extra.perf.PAPI_L3_TCA.419089,30310201457.0
1764784979.9623334,nrm.extra.perf.PAPI_TOT_INS.419089,10450474679301.0
1764784979.9623334,nrm.extra.perf.PAPI_TOT_CYC.419089,9685000150736.0
1764784979.9623334,nrm.extra.perf.PAPI_RES_STL.419089,2527433489309.0
1764784979.9623334,nrm.extra.perf.PAPI_L3_TCM.419089,25964961341.0
1764784980.9619608,nrm.extra.perf.PAPI_L3_TCA.419089,30824549964.0
1764784980.9619608,nrm.extra.perf.PAPI_TOT_INS.419089,10618053870203.0
1764784980.9619608,nrm.extra.perf.PAPI_TOT_CYC.419089,9844273293956.0
1764784980.9619608,nrm.extra.perf.PAPI_RES_STL.419089,2567666772361.0
1764784980.9619608,nrm.extra.perf.PAPI_L3_TCM.419089,26402419123.0
1764784981.9621444,nrm.extra.perf.PAPI_L3_TCA.419089,31338044593.0
1764784981.9621444,nrm.extra.perf.PAPI_TOT_INS.419089,10785347657913.0
1764784981.9621444,nrm.extra.perf.PAPI_TOT_CYC.419089,10002692482330.0
1764784981.9621444,nrm.extra.perf.PAPI_RES_STL.419089,2608425852514.0
1764784981.9621444,nrm.extra.perf.PAPI_L3_TCM.419089,26839526029.0
1764784982.9611497,nrm.extra.perf.PAPI_L3_TCA.419089,31775375187.0
1764784982.9611497,nrm.extra.perf.PAPI_TOT_INS.419089,10956405581978.0
1764784982.9611497,nrm.extra.perf.PAPI_TOT_CYC.419089,10160564478309.0
1764784982.9611497,nrm.extra.perf.PAPI_RES_STL.419089,2645367745224.0
1764784982.9611497,nrm.extra.perf.PAPI_L3_TCM.419089,27212682131.0
1764784983.9630184,nrm.extra.perf.PAPI_L3_TCA.419089,32288564473.0
1764784983.9630184,nrm.extra.perf.PAPI_TOT_INS.419089,11123419663512.0
1764784983.9630184,nrm.extra.perf.PAPI_TOT_CYC.419089,10320868303069.0
1764784983.9630184,nrm.extra.perf.PAPI_RES_STL.419089,2685329351972.0
1764784983.9630184,nrm.extra.perf.PAPI_L3_TCM.419089,27650800398.0
1764784984.9611962,nrm.extra.perf.PAPI_L3_TCA.419089,32804554107.0
1764784984.9611962,nrm.extra.perf.PAPI_TOT_INS.419089,11295063518278.0
1764784984.9611962,nrm.extra.perf.PAPI_TOT_CYC.419089,10475273880233.0
1764784984.9611962,nrm.extra.perf.PAPI_RES_STL.419089,2725925933003.0
1764784984.9611962,nrm.extra.perf.PAPI_L3_TCM.419089,28091385208.0
1764784985.9637947,nrm.extra.perf.PAPI_L3_TCA.419089,33235246231.0
1764784985.9637947,nrm.extra.perf.PAPI_TOT_INS.419089,11459910949811.0
1764784985.9637947,nrm.extra.perf.PAPI_TOT_CYC.419089,10639847749274.0
1764784985.9637947,nrm.extra.perf.PAPI_RES_STL.419089,2762360704642.0
1764784985.9637947,nrm.extra.perf.PAPI_L3_TCM.419089,28462085426.0
1764784986.9615242,nrm.extra.perf.PAPI_L3_TCA.419089,33743842055.0
1764784986.9615242,nrm.extra.perf.PAPI_TOT_INS.419089,11621608705977.0
1764784986.9615242,nrm.extra.perf.PAPI_TOT_CYC.419089,10797722761108.0
1764784986.9615242,nrm.extra.perf.PAPI_RES_STL.419089,2802120076647.0
1764784986.9615242,nrm.extra.perf.PAPI_L3_TCM.419089,28897771158.0
1764784987.9618485,nrm.extra.perf.PAPI_L3_TCA.419089,34241567463.0
1764784987.9618485,nrm.extra.perf.PAPI_TOT_INS.419089,11790856799121.0
1764784987.9618485,nrm.extra.perf.PAPI_TOT_CYC.419089,10953609551881.0
1764784987.9618485,nrm.extra.perf.PAPI_RES_STL.419089,2842264872126.0
1764784987.9618485,nrm.extra.perf.PAPI_L3_TCM.419089,29325669382.0
1764784988.9661305,nrm.extra.perf.PAPI_L3_TCA.419089,34737861930.0
1764784988.9661305,nrm.extra.perf.PAPI_TOT_INS.419089,11968727214566.0
1764784988.9661305,nrm.extra.perf.PAPI_TOT_CYC.419089,11110136007746.0
1764784988.9661305,nrm.extra.perf.PAPI_RES_STL.419089,2883274360297.0
1764784988.9661305,nrm.extra.perf.PAPI_L3_TCM.419089,29754815980.0
1764784989.9619837,nrm.extra.perf.PAPI_L3_TCA.419089,35222112709.0
1764784989.9619837,nrm.extra.perf.PAPI_TOT_INS.419089,12142526881662.0
1764784989.9619837,nrm.extra.perf.PAPI_TOT_CYC.419089,11264711193922.0
1764784989.9619837,nrm.extra.perf.PAPI_RES_STL.419089,2922622555635.0
1764784989.9619837,nrm.extra.perf.PAPI_L3_TCM.419089,30160877122.0
1764784990.9620414,nrm.extra.perf.PAPI_L3_TCA.419089,35735153508.0
1764784990.9620414,nrm.extra.perf.PAPI_TOT_INS.419089,12309292834312.0
1764784990.9620414,nrm.extra.perf.PAPI_TOT_CYC.419089,11425098520081.0
1764784990.9620414,nrm.extra.perf.PAPI_RES_STL.419089,2963304166623.0
1764784990.9620414,nrm.extra.perf.PAPI_L3_TCM.419089,30601784851.0
1764784991.9618356,nrm.extra.perf.PAPI_L3_TCA.419089,36228747612.0
1764784991.9618356,nrm.extra.perf.PAPI_TOT_INS.419089,12474623981888.0
1764784991.9618356,nrm.extra.perf.PAPI_TOT_CYC.419089,11582784186600.0
1764784991.9618356,nrm.extra.perf.PAPI_RES_STL.419089,3003479983544.0
1764784991.9618356,nrm.extra.perf.PAPI_L3_TCM.419089,31028428885.0
1764784992.962058,nrm.extra.perf.PAPI_L3_TCA.419089,36685927330.0
1764784992.962058,nrm.extra.perf.PAPI_TOT_INS.419089,12647651802745.0
1764784992.962058,nrm.extra.perf.PAPI_TOT_CYC.419089,11740657591812.0
1764784992.962058,nrm.extra.perf.PAPI_RES_STL.419089,3041579280397.0
1764784992.962058,nrm.extra.perf.PAPI_L3_TCM.419089,31415929392.0
1764784993.9620826,nrm.extra.perf.PAPI_L3_TCA.419089,37198757090.0
1764784993.9620826,nrm.extra.perf.PAPI_TOT_INS.419089,12814252793016.0
1764784993.9620826,nrm.extra.perf.PAPI_TOT_CYC.419089,11899558888389.0
1764784993.9620826,nrm.extra.perf.PAPI_RES_STL.419089,3081847925534.0
1764784993.9620826,nrm.extra.perf.PAPI_L3_TCM.419089,31853466304.0
1764784994.963081,nrm.extra.perf.PAPI_L3_TCA.419089,37715518420.0
1764784994.963081,nrm.extra.perf.PAPI_TOT_INS.419089,12986060939480.0
1764784994.963081,nrm.extra.perf.PAPI_TOT_CYC.419089,12056021522814.0
1764784994.963081,nrm.extra.perf.PAPI_RES_STL.419089,3123038917281.0
1764784994.963081,nrm.extra.perf.PAPI_L3_TCM.419089,32294489455.0
1764784995.961996,nrm.extra.perf.PAPI_L3_TCA.419089,38232120482.0
1764784995.961996,nrm.extra.perf.PAPI_TOT_INS.419089,13159042231177.0
1764784995.961996,nrm.extra.perf.PAPI_TOT_CYC.419089,12210882912562.0
1764784995.961996,nrm.extra.perf.PAPI_RES_STL.419089,3164243854578.0
1764784995.961996,nrm.extra.perf.PAPI_L3_TCM.419089,32736359913.0
1764784996.9649556,nrm.extra.perf.PAPI_L3_TCA.419089,38690581880.0
1764784996.9649556,nrm.extra.perf.PAPI_TOT_INS.419089,13335002193506.0
1764784996.9649556,nrm.extra.perf.PAPI_TOT_CYC.419089,12368262648904.0
1764784996.9649556,nrm.extra.perf.PAPI_RES_STL.419089,3203245177145.0
1764784996.9649556,nrm.extra.perf.PAPI_L3_TCM.419089,33136196004.0
1764784997.9626472,nrm.extra.perf.PAPI_L3_TCA.419089,39187442042.0
1764784997.9626472,nrm.extra.perf.PAPI_TOT_INS.419089,13504298160184.0
1764784997.9626472,nrm.extra.perf.PAPI_TOT_CYC.419089,12526056454641.0
1764784997.9626472,nrm.extra.perf.PAPI_RES_STL.419089,3241903049104.0
1764784997.9626472,nrm.extra.perf.PAPI_L3_TCM.419089,33550428529.0
1764784998.9616814,nrm.extra.perf.PAPI_L3_TCA.419089,39701343020.0
1764784998.9616814,nrm.extra.perf.PAPI_TOT_INS.419089,13672977682109.0
1764784998.9616814,nrm.extra.perf.PAPI_TOT_CYC.419089,12683329372689.0
1764784998.9616814,nrm.extra.perf.PAPI_RES_STL.419089,3282520344636.0
1764784998.9616814,nrm.extra.perf.PAPI_L3_TCM.419089,33989860799.0
1764784999.9638526,nrm.extra.perf.PAPI_L3_TCA.419089,40188485314.0
1764784999.9638526,nrm.extra.perf.PAPI_TOT_INS.419089,13841670113686.0
1764784999.9638526,nrm.extra.perf.PAPI_TOT_CYC.419089,12840432336927.0
1764784999.9638526,nrm.extra.perf.PAPI_RES_STL.419089,3322680696953.0
1764784999.9638526,nrm.extra.perf.PAPI_L3_TCM.419089,34411389318.0
1764785000.963132,nrm.extra.perf.PAPI_L3_TCA.419089,40655437281.0
1764785000.963132,nrm.extra.perf.PAPI_TOT_INS.419089,14013701093915.0
1764785000.963132,nrm.extra.perf.PAPI_TOT_CYC.419089,12992581637706.0
1764785000.963132,nrm.extra.perf.PAPI_RES_STL.419089,3360420770776.0
1764785000.963132,nrm.extra.perf.PAPI_L3_TCM.419089,34806231669.0
1764785001.9619927,nrm.extra.perf.PAPI_L3_TCA.419089,41171833724.0
1764785001.9619927,nrm.extra.perf.PAPI_TOT_INS.419089,14184318613907.0
1764785001.9619927,nrm.extra.perf.PAPI_TOT_CYC.419089,13147289610880.0
1764785001.9619927,nrm.extra.perf.PAPI_RES_STL.419089,3401032668241.0
1764785001.9619927,nrm.extra.perf.PAPI_L3_TCM.419089,35251398328.0
1764785002.9631388,nrm.extra.perf.PAPI_L3_TCA.419089,41687042375.0
1764785002.9631388,nrm.extra.perf.PAPI_TOT_INS.419089,14352148352119.0
1764785002.9631388,nrm.extra.perf.PAPI_TOT_CYC.419089,13304626304163.0
1764785002.9631388,nrm.extra.perf.PAPI_RES_STL.419089,3442224964306.0
1764785002.9631388,nrm.extra.perf.PAPI_L3_TCM.419089,35695078863.0
1764785003.9628553,nrm.extra.perf.PAPI_L3_TCA.419089,42175216809.0
1764785003.9628553,nrm.extra.perf.PAPI_TOT_INS.419089,14524637530877.0
1764785003.9628553,nrm.extra.perf.PAPI_TOT_CYC.419089,13461732700985.0
1764785003.9628553,nrm.extra.perf.PAPI_RES_STL.419089,3482121254832.0
1764785003.9628553,nrm.extra.perf.PAPI_L3_TCM.419089,36120905571.0
1764785004.9618285,nrm.extra.perf.PAPI_L3_TCA.419089,42645425708.0
1764785004.9618285,nrm.extra.perf.PAPI_TOT_INS.419089,14698704442722.0
1764785004.9618285,nrm.extra.perf.PAPI_TOT_CYC.419089,13617973388096.0
1764785004.9618285,nrm.extra.perf.PAPI_RES_STL.419089,3520482894470.0
1764785004.9618285,nrm.extra.perf.PAPI_L3_TCM.419089,36520342446.0
1764785005.961877,nrm.extra.perf.PAPI_L3_TCA.419089,43164616952.0
1764785005.961877,nrm.extra.perf.PAPI_TOT_INS.419089,14871725856167.0
1764785005.961877,nrm.extra.perf.PAPI_TOT_CYC.419089,13772852694849.0
1764785005.961877,nrm.extra.perf.PAPI_RES_STL.419089,3561426816181.0
1764785005.961877,nrm.extra.perf.PAPI_L3_TCM.419089,36967731505.0
1764785006.964878,nrm.extra.perf.PAPI_L3_TCA.419089,43679826552.0
1764785006.964878,nrm.extra.perf.PAPI_TOT_INS.419089,15041017889670.0
1764785006.964878,nrm.extra.perf.PAPI_TOT_CYC.419089,13929310100640.0
1764785006.964878,nrm.extra.perf.PAPI_RES_STL.419089,3602084646627.0
1764785006.964878,nrm.extra.perf.PAPI_L3_TCM.419089,37410959857.0
1764785007.9620273,nrm.extra.perf.PAPI_L3_TCA.419089,44199862994.0
1764785007.9620273,nrm.extra.perf.PAPI_TOT_INS.419089,15215651953730.0
1764785007.9620273,nrm.extra.perf.PAPI_TOT_CYC.419089,14086223948104.0
1764785007.9620273,nrm.extra.perf.PAPI_RES_STL.419089,3643302436032.0
1764785007.9620273,nrm.extra.perf.PAPI_L3_TCM.419089,37858669640.0
1764785008.9620917,nrm.extra.perf.PAPI_L3_TCA.419089,44720709840.0
1764785008.9620917,nrm.extra.perf.PAPI_TOT_INS.419089,15391097253751.0
1764785008.9620917,nrm.extra.perf.PAPI_TOT_CYC.419089,14242592123968.0
1764785008.9620917,nrm.extra.perf.PAPI_RES_STL.419089,3684762394338.0
1764785008.9620917,nrm.extra.perf.PAPI_L3_TCM.419089,38307759937.0
1764785009.9658697,nrm.extra.perf.PAPI_L3_TCA.419089,45172362172.0
1764785009.9658697,nrm.extra.perf.PAPI_TOT_INS.419089,15563672294234.0
1764785009.9658697,nrm.extra.perf.PAPI_TOT_CYC.419089,14401103429312.0
1764785009.9658697,nrm.extra.perf.PAPI_RES_STL.419089,3723488913907.0
1764785009.9658697,nrm.extra.perf.PAPI_L3_TCM.419089,38701781831.0
1764785010.962894,nrm.extra.perf.PAPI_L3_TCA.419089,45674363007.0
1764785010.962894,nrm.extra.perf.PAPI_TOT_INS.419089,15733367945127.0
1764785010.962894,nrm.extra.perf.PAPI_TOT_CYC.419089,14559113204846.0
1764785010.962894,nrm.extra.perf.PAPI_RES_STL.419089,3762552822878.0
1764785010.962894,nrm.extra.perf.PAPI_L3_TCM.419089,39130598500.0
1764785011.9619598,nrm.extra.perf.PAPI_L3_TCA.419089,46185759446.0
1764785011.9619598,nrm.extra.perf.PAPI_TOT_INS.419089,15899856052470.0
1764785011.9619598,nrm.extra.perf.PAPI_TOT_CYC.419089,14719147742380.0
1764785011.9619598,nrm.extra.perf.PAPI_RES_STL.419089,3802904323711.0
1764785011.9619598,nrm.extra.perf.PAPI_L3_TCM.419089,39572985480.0
1764785012.9620395,nrm.extra.perf.PAPI_L3_TCA.419089,46704975824.0
1764785012.9620395,nrm.extra.perf.PAPI_TOT_INS.419089,16073602601448.0
1764785012.9620395,nrm.extra.perf.PAPI_TOT_CYC.419089,14874439981714.0
1764785012.9620395,nrm.extra.perf.PAPI_RES_STL.419089,3844078731573.0
1764785012.9620395,nrm.extra.perf.PAPI_L3_TCM.419089,40020075793.0
1764785013.9619958,nrm.extra.perf.PAPI_L3_TCA.419089,47141237445.0
1764785013.9619958,nrm.extra.perf.PAPI_TOT_INS.419089,16244336728429.0
1764785013.9619958,nrm.extra.perf.PAPI_TOT_CYC.419089,15033731817736.0
1764785013.9619958,nrm.extra.perf.PAPI_RES_STL.419089,3880959249407.0
1764785013.9619958,nrm.extra.perf.PAPI_L3_TCM.419089,40396946758.0
1764785014.9619021,nrm.extra.perf.PAPI_L3_TCA.419089,47651840144.0
1764785014.9619021,nrm.extra.perf.PAPI_TOT_INS.419089,16408816029562.0
1764785014.9619021,nrm.extra.perf.PAPI_TOT_CYC.419089,15192986001612.0
1764785014.9619021,nrm.extra.perf.PAPI_RES_STL.419089,3920890371681.0
1764785014.9619021,nrm.extra.perf.PAPI_L3_TCM.419089,40836120295.0
1764785015.9619849,nrm.extra.perf.PAPI_L3_TCA.419089,48170406536.0
1764785015.9619849,nrm.extra.perf.PAPI_TOT_INS.419089,16583069906378.0
1764785015.9619849,nrm.extra.perf.PAPI_TOT_CYC.419089,15349899577658.0
1764785015.9619849,nrm.extra.perf.PAPI_RES_STL.419089,3961964564508.0
1764785015.9619849,nrm.extra.perf.PAPI_L3_TCM.419089,41281885060.0
1764785016.9643574,nrm.extra.perf.PAPI_L3_TCA.419089,48615972939.0
1764785016.9643574,nrm.extra.perf.PAPI_TOT_INS.419089,16752420516807.0
1764785016.9643574,nrm.extra.perf.PAPI_TOT_CYC.419089,15505073126587.0
1764785016.9643574,nrm.extra.perf.PAPI_RES_STL.419089,4000953987351.0
1764785016.9643574,nrm.extra.perf.PAPI_L3_TCM.419089,41673277536.0
1764785017.9615788,nrm.extra.perf.PAPI_L3_TCA.419089,49125210542.0
1764785017.9615788,nrm.extra.perf.PAPI_TOT_INS.419089,16929449387321.0
1764785017.9615788,nrm.extra.perf.PAPI_TOT_CYC.419089,15660967651946.0
1764785017.9615788,nrm.extra.perf.PAPI_RES_STL.419089,4040749533102.0
1764785017.9615788,nrm.extra.perf.PAPI_L3_TCM.419089,42106397561.0
1764785018.9620826,nrm.extra.perf.PAPI_L3_TCA.419089,49642941702.0
1764785018.9620826,nrm.extra.perf.PAPI_TOT_INS.419089,17103702039684.0
1764785018.9620826,nrm.extra.perf.PAPI_TOT_CYC.419089,15816640998975.0
1764785018.9620826,nrm.extra.perf.PAPI_RES_STL.419089,4081819582597.0
1764785018.9620826,nrm.extra.perf.PAPI_L3_TCM.419089,42552913053.0
1764785019.9619837,nrm.extra.perf.PAPI_L3_TCA.419089,50160478048.0
1764785019.9619837,nrm.extra.perf.PAPI_TOT_INS.419089,17275402104004.0
1764785019.9619837,nrm.extra.perf.PAPI_TOT_CYC.419089,15971731034437.0
1764785019.9619837,nrm.extra.perf.PAPI_RES_STL.419089,4123009003359.0
1764785019.9619837,nrm.extra.perf.PAPI_L3_TCM.419089,42999548900.0
1764785020.9621382,nrm.extra.perf.PAPI_L3_TCA.419089,50677158265.0
1764785020.9621382,nrm.extra.perf.PAPI_TOT_INS.419089,17447437755219.0
1764785020.9621382,nrm.extra.perf.PAPI_TOT_CYC.419089,16127059873709.0
1764785020.9621382,nrm.extra.perf.PAPI_RES_STL.419089,4164256445261.0
1764785020.9621382,nrm.extra.perf.PAPI_L3_TCM.419089,43446876155.0
1764785021.9637437,nrm.extra.perf.PAPI_L3_TCA.419089,51162165270.0
1764785021.9637437,nrm.extra.perf.PAPI_TOT_INS.419089,17616337729124.0
1764785021.9637437,nrm.extra.perf.PAPI_TOT_CYC.419089,16286253338116.0
1764785021.9637437,nrm.extra.perf.PAPI_RES_STL.419089,4204070825302.0
1764785021.9637437,nrm.extra.perf.PAPI_L3_TCM.419089,43870417794.0
1764785022.9630578,nrm.extra.perf.PAPI_L3_TCA.419089,51630747027.0
1764785022.9630578,nrm.extra.perf.PAPI_TOT_INS.419089,17789614623481.0
1764785022.9630578,nrm.extra.perf.PAPI_TOT_CYC.419089,16446232180272.0
1764785022.9630578,nrm.extra.perf.PAPI_RES_STL.419089,4242156187397.0
1764785022.9630578,nrm.extra.perf.PAPI_L3_TCM.419089,44270316337.0
1764785023.9640923,nrm.extra.perf.PAPI_L3_TCA.419089,52146762545.0
1764785023.9640923,nrm.extra.perf.PAPI_TOT_INS.419089,17958897985908.0
1764785023.9640923,nrm.extra.perf.PAPI_TOT_CYC.419089,16602983750765.0
1764785023.9640923,nrm.extra.perf.PAPI_RES_STL.419089,4283041413335.0
1764785023.9640923,nrm.extra.perf.PAPI_L3_TCM.419089,44716228840.0
1764785024.9629347,nrm.extra.perf.PAPI_L3_TCA.419089,52637835998.0
1764785024.9629347,nrm.extra.perf.PAPI_TOT_INS.419089,18121964882626.0
1764785024.9629347,nrm.extra.perf.PAPI_TOT_CYC.419089,16762196946277.0
1764785024.9629347,nrm.extra.perf.PAPI_RES_STL.419089,4322652238278.0
1764785024.9629347,nrm.extra.perf.PAPI_L3_TCM.419089,45143314796.0
1764785025.9628446,nrm.extra.perf.PAPI_L3_TCA.419089,53093869413.0
1764785025.9628446,nrm.extra.perf.PAPI_TOT_INS.419089,18294004971535.0
1764785025.9628446,nrm.extra.perf.PAPI_TOT_CYC.419089,16918729317947.0
1764785025.9628446,nrm.extra.perf.PAPI_RES_STL.419089,4360880590341.0
1764785025.9628446,nrm.extra.perf.PAPI_L3_TCM.419089,45535008727.0
1764785026.9612095,nrm.extra.perf.PAPI_L3_TCA.419089,53612589026.0
1764785026.9612095,nrm.extra.perf.PAPI_TOT_INS.419089,18467132957038.0
1764785026.9612095,nrm.extra.perf.PAPI_TOT_CYC.419089,17074536702635.0
1764785026.9612095,nrm.extra.perf.PAPI_RES_STL.419089,4402114251603.0
1764785026.9612095,nrm.extra.perf.PAPI_L3_TCM.419089,45982594441.0
1764785027.9621596,nrm.extra.perf.PAPI_L3_TCA.419089,54125460951.0
1764785027.9621596,nrm.extra.perf.PAPI_TOT_INS.419089,18632509399332.0
1764785027.9621596,nrm.extra.perf.PAPI_TOT_CYC.419089,17235755642946.0
1764785027.9621596,nrm.extra.perf.PAPI_RES_STL.419089,4442772608875.0
1764785027.9621596,nrm.extra.perf.PAPI_L3_TCM.419089,46425112892.0
1764785028.962613,nrm.extra.perf.PAPI_L3_TCA.419089,54579748010.0
1764785028.962613,nrm.extra.perf.PAPI_TOT_INS.419089,18803216848356.0
1764785028.962613,nrm.extra.perf.PAPI_TOT_CYC.419089,17391681469199.0
1764785028.962613,nrm.extra.perf.PAPI_RES_STL.419089,4481610734868.0
1764785028.962613,nrm.extra.perf.PAPI_L3_TCM.419089,46820142826.0
1764785029.9620233,nrm.extra.perf.PAPI_L3_TCA.419089,55084190271.0
1764785029.9620233,nrm.extra.perf.PAPI_TOT_INS.419089,18978030911205.0
1764785029.9620233,nrm.extra.perf.PAPI_TOT_CYC.419089,17546906281581.0
1764785029.9620233,nrm.extra.perf.PAPI_RES_STL.419089,4521452414465.0
1764785029.9620233,nrm.extra.perf.PAPI_L3_TCM.419089,47252388273.0
1764785030.9617298,nrm.extra.perf.PAPI_L3_TCA.419089,55595437781.0
1764785030.9617298,nrm.extra.perf.PAPI_TOT_INS.419089,19141244043177.0
1764785030.9617298,nrm.extra.perf.PAPI_TOT_CYC.419089,17703471529767.0
1764785030.9617298,nrm.extra.perf.PAPI_RES_STL.419089,4561732760578.0
1764785030.9617298,nrm.extra.perf.PAPI_L3_TCM.419089,47693813666.0
1764785031.963299,nrm.extra.perf.PAPI_L3_TCA.419089,56110401830.0
1764785031.963299,nrm.extra.perf.PAPI_TOT_INS.419089,19310601887020.0
1764785031.963299,nrm.extra.perf.PAPI_TOT_CYC.419089,17861915612393.0
1764785031.963299,nrm.extra.perf.PAPI_RES_STL.419089,4602730366046.0
1764785031.963299,nrm.extra.perf.PAPI_L3_TCM.419089,48136982540.0
1764785032.9604633,nrm.extra.perf.PAPI_L3_TCA.419089,56552007585.0
1764785032.9604633,nrm.extra.perf.PAPI_TOT_INS.419089,19486020964470.0
1764785032.9604633,nrm.extra.perf.PAPI_TOT_CYC.419089,18016023072721.0
1764785032.9604633,nrm.extra.perf.PAPI_RES_STL.419089,4640789691396.0
1764785032.9604633,nrm.extra.perf.PAPI_L3_TCM.419089,48518655433.0
1764785033.961947,nrm.extra.perf.PAPI_L3_TCA.419089,57069837328.0
1764785033.961947,nrm.extra.perf.PAPI_TOT_INS.419089,19657017590023.0
1764785033.961947,nrm.extra.perf.PAPI_TOT_CYC.419089,18172970042531.0
1764785033.961947,nrm.extra.perf.PAPI_RES_STL.419089,4681589879038.0
1764785033.961947,nrm.extra.perf.PAPI_L3_TCM.419089,48965189751.0
1764785034.9641101,nrm.extra.perf.PAPI_L3_TCA.419089,57587454124.0
1764785034.9641101,nrm.extra.perf.PAPI_TOT_INS.419089,19828517517708.0
1764785034.9641101,nrm.extra.perf.PAPI_TOT_CYC.419089,18330563356370.0
1764785034.9641101,nrm.extra.perf.PAPI_RES_STL.419089,4722649063642.0
1764785034.9641101,nrm.extra.perf.PAPI_L3_TCM.419089,49412109298.0
1764785035.9616816,nrm.extra.perf.PAPI_L3_TCA.419089,58081633615.0
1764785035.9616816,nrm.extra.perf.PAPI_TOT_INS.419089,19993480515438.0
1764785035.9616816,nrm.extra.perf.PAPI_TOT_CYC.419089,18490432684185.0
1764785035.9616816,nrm.extra.perf.PAPI_RES_STL.419089,4762656008591.0
1764785035.9616816,nrm.extra.perf.PAPI_L3_TCM.419089,49841217910.0
1764785036.9640317,nrm.extra.perf.PAPI_L3_TCA.419089,58527592314.0
1764785036.9640317,nrm.extra.perf.PAPI_TOT_INS.419089,20153888373913.0
1764785036.9640317,nrm.extra.perf.PAPI_TOT_CYC.419089,18650638292122.0
1764785036.9640317,nrm.extra.perf.PAPI_RES_STL.419089,4799966128299.0
1764785036.9640317,nrm.extra.perf.PAPI_L3_TCM.419089,50224618547.0
1764785037.961731,nrm.extra.perf.PAPI_L3_TCA.419089,59022353640.0
1764785037.961731,nrm.extra.perf.PAPI_TOT_INS.419089,20319536503091.0
1764785037.961731,nrm.extra.perf.PAPI_TOT_CYC.419089,18805427405781.0
1764785037.961731,nrm.extra.perf.PAPI_RES_STL.419089,4839418515693.0
1764785037.961731,nrm.extra.perf.PAPI_L3_TCM.419089,50654874846.0
1764785038.9619987,nrm.extra.perf.PAPI_L3_TCA.419089,59471569082.0
1764785038.9619987,nrm.extra.perf.PAPI_TOT_INS.419089,20483874713925.0
1764785038.9619987,nrm.extra.perf.PAPI_TOT_CYC.419089,18966828854934.0
1764785038.9619987,nrm.extra.perf.PAPI_RES_STL.419089,4876532160068.0
1764785038.9619987,nrm.extra.perf.PAPI_L3_TCM.419089,51041001423.0
1764785039.9640825,nrm.extra.perf.PAPI_L3_TCA.419089,59964201964.0
1764785039.9640825,nrm.extra.perf.PAPI_TOT_INS.419089,20645974411876.0
1764785039.9640825,nrm.extra.perf.PAPI_TOT_CYC.419089,19122528276382.0
1764785039.9640825,nrm.extra.perf.PAPI_RES_STL.419089,4916615675815.0
1764785039.9640825,nrm.extra.perf.PAPI_L3_TCM.419089,51471648619.0
1764785040.9615028,nrm.extra.perf.PAPI_L3_TCA.419089,60423286130.0
1764785040.9615028,nrm.extra.perf.PAPI_TOT_INS.419089,20821928084599.0
1764785040.9615028,nrm.extra.perf.PAPI_TOT_CYC.419089,19276494628904.0
1764785040.9615028,nrm.extra.perf.PAPI_RES_STL.419089,4954899674674.0
1764785040.9615028,nrm.extra.perf.PAPI_L3_TCM.419089,51860562448.0
1764785041.9619803,nrm.extra.perf.PAPI_L3_TCA.419089,60939900389.0
1764785041.9619803,nrm.extra.perf.PAPI_TOT_INS.419089,20992938670337.0
1764785041.9619803,nrm.extra.perf.PAPI_TOT_CYC.419089,19432341906663.0
1764785041.9619803,nrm.extra.perf.PAPI_RES_STL.419089,4995528091681.0
1764785041.9619803,nrm.extra.perf.PAPI_L3_TCM.419089,52305905456.0
1764785042.9640076,nrm.extra.perf.PAPI_L3_TCA.419089,61451878032.0
1764785042.9640076,nrm.extra.perf.PAPI_TOT_INS.419089,21157467080833.0
1764785042.9640076,nrm.extra.perf.PAPI_TOT_CYC.419089,19589858096195.0
1764785042.9640076,nrm.extra.perf.PAPI_RES_STL.419089,5036813662534.0
1764785042.9640076,nrm.extra.perf.PAPI_L3_TCM.419089,52748404636.0
1764785043.963127,nrm.extra.perf.PAPI_L3_TCA.419089,61917406522.0
1764785043.963127,nrm.extra.perf.PAPI_TOT_INS.419089,21327612147474.0
1764785043.963127,nrm.extra.perf.PAPI_TOT_CYC.419089,19745987594500.0
1764785043.963127,nrm.extra.perf.PAPI_RES_STL.419089,5076179047210.0
1764785043.963127,nrm.extra.perf.PAPI_L3_TCM.419089,53155166885.0
1764785044.9619477,nrm.extra.perf.PAPI_L3_TCA.419089,62405322795.0
1764785044.9619477,nrm.extra.perf.PAPI_TOT_INS.419089,21497895946700.0
1764785044.9619477,nrm.extra.perf.PAPI_TOT_CYC.419089,19902569576114.0
1764785044.9619477,nrm.extra.perf.PAPI_RES_STL.419089,5115442711087.0
1764785044.9619477,nrm.extra.perf.PAPI_L3_TCM.419089,53575405813.0
1764785045.96195,nrm.extra.perf.PAPI_L3_TCA.419089,62921171148.0
1764785045.96195,nrm.extra.perf.PAPI_TOT_INS.419089,21667040411236.0
1764785045.96195,nrm.extra.perf.PAPI_TOT_CYC.419089,20059897528463.0
1764785045.96195,nrm.extra.perf.PAPI_RES_STL.419089,5156425817421.0
1764785045.96195,nrm.extra.perf.PAPI_L3_TCM.419089,54022276967.0
1764785046.9638026,nrm.extra.perf.PAPI_L3_TCA.419089,63378810400.0
1764785046.9638026,nrm.extra.perf.PAPI_TOT_INS.419089,21832286895091.0
1764785046.9638026,nrm.extra.perf.PAPI_TOT_CYC.419089,20217522317462.0
1764785046.9638026,nrm.extra.perf.PAPI_RES_STL.419089,5195513868777.0
1764785046.9638026,nrm.extra.perf.PAPI_L3_TCM.419089,54424085583.0
1764785047.9621887,nrm.extra.perf.PAPI_L3_TCA.419089,63876867968.0
1764785047.9621887,nrm.extra.perf.PAPI_TOT_INS.419089,22009510439198.0
1764785047.9621887,nrm.extra.perf.PAPI_TOT_CYC.419089,20373070314357.0
1764785047.9621887,nrm.extra.perf.PAPI_RES_STL.419089,5235450712897.0
1764785047.9621887,nrm.extra.perf.PAPI_L3_TCM.419089,54849338156.0
1764785048.9614406,nrm.extra.perf.PAPI_L3_TCA.419089,64392590104.0
1764785048.9614406,nrm.extra.perf.PAPI_TOT_INS.419089,22178787722203.0
1764785048.9614406,nrm.extra.perf.PAPI_TOT_CYC.419089,20529338419572.0
1764785048.9614406,nrm.extra.perf.PAPI_RES_STL.419089,5276094857169.0
1764785048.9614406,nrm.extra.perf.PAPI_L3_TCM.419089,55296681572.0
1764785049.9626276,nrm.extra.perf.PAPI_L3_TCA.419089,64900485926.0
1764785049.9626276,nrm.extra.perf.PAPI_TOT_INS.419089,22339249272088.0
1764785049.9626276,nrm.extra.perf.PAPI_TOT_CYC.419089,20689113141299.0
1764785049.9626276,nrm.extra.perf.PAPI_RES_STL.419089,5316659019927.0
1764785049.9626276,nrm.extra.perf.PAPI_L3_TCM.419089,55736472645.0
1764785050.9615428,nrm.extra.perf.PAPI_L3_TCA.419089,65341812771.0
1764785050.9615428,nrm.extra.perf.PAPI_TOT_INS.419089,22515343910748.0
1764785050.9615428,nrm.extra.perf.PAPI_TOT_CYC.419089,20847162473024.0
1764785050.9615428,nrm.extra.perf.PAPI_RES_STL.419089,5354082534104.0
1764785050.9615428,nrm.extra.perf.PAPI_L3_TCM.419089,56118230971.0
1764785051.9619179,nrm.extra.perf.PAPI_L3_TCA.419089,65856578233.0
1764785051.9619179,nrm.extra.perf.PAPI_TOT_INS.419089,22683010028913.0
1764785051.9619179,nrm.extra.perf.PAPI_TOT_CYC.419089,21006271912274.0
1764785051.9619179,nrm.extra.perf.PAPI_RES_STL.419089,5394513625105.0
1764785051.9619179,nrm.extra.perf.PAPI_L3_TCM.419089,56563312108.0
1764785052.9620802,nrm.extra.perf.PAPI_L3_TCA.419089,66368873430.0
1764785052.9620802,nrm.extra.perf.PAPI_TOT_INS.419089,22848519445505.0
1764785052.9620802,nrm.extra.perf.PAPI_TOT_CYC.419089,21166127108925.0
1764785052.9620802,nrm.extra.perf.PAPI_RES_STL.419089,5435157391591.0
1764785052.9620802,nrm.extra.perf.PAPI_L3_TCM.419089,57005975480.0
1764785053.9614098,nrm.extra.perf.PAPI_L3_TCA.419089,66807540029.0
1764785053.9614098,nrm.extra.perf.PAPI_TOT_INS.419089,23020201438819.0
1764785053.9614098,nrm.extra.perf.PAPI_TOT_CYC.419089,21320482513047.0
1764785053.9614098,nrm.extra.perf.PAPI_RES_STL.419089,5472529869226.0
1764785053.9614098,nrm.extra.perf.PAPI_L3_TCM.419089,57383984191.0
1764785054.961861,nrm.extra.perf.PAPI_L3_TCA.419089,67322010228.0
1764785054.961861,nrm.extra.perf.PAPI_TOT_INS.419089,23187400131400.0
1764785054.961861,nrm.extra.perf.PAPI_TOT_CYC.419089,21478230862731.0
1764785054.961861,nrm.extra.perf.PAPI_RES_STL.419089,5513178086433.0
1764785054.961861,nrm.extra.perf.PAPI_L3_TCM.419089,57827157776.0
1764785055.962807,nrm.extra.perf.PAPI_L3_TCA.419089,67834844217.0
1764785055.962807,nrm.extra.perf.PAPI_TOT_INS.419089,23354098999382.0
1764785055.962807,nrm.extra.perf.PAPI_TOT_CYC.419089,21636244461907.0
1764785055.962807,nrm.extra.perf.PAPI_RES_STL.419089,5553967975916.0
1764785055.962807,nrm.extra.perf.PAPI_L3_TCM.419089,58268954302.0
1764785056.962707,nrm.extra.perf.PAPI_L3_TCA.419089,68323338901.0
1764785056.962707,nrm.extra.perf.PAPI_TOT_INS.419089,23527516719676.0
1764785056.962707,nrm.extra.perf.PAPI_TOT_CYC.419089,21791582996306.0
1764785056.962707,nrm.extra.perf.PAPI_RES_STL.419089,5594231091216.0
1764785056.962707,nrm.extra.perf.PAPI_L3_TCM.419089,58696132395.0
1764785057.9651794,nrm.extra.perf.PAPI_L3_TCA.419089,68800466419.0
1764785057.9651794,nrm.extra.perf.PAPI_TOT_INS.419089,23704179484131.0
1764785057.9651794,nrm.extra.perf.PAPI_TOT_CYC.419089,21946825395966.0
1764785057.9651794,nrm.extra.perf.PAPI_RES_STL.419089,5633933506850.0
1764785057.9651794,nrm.extra.perf.PAPI_L3_TCM.419089,59109805465.0
1764785058.9619539,nrm.extra.perf.PAPI_L3_TCA.419089,69310442198.0
1764785058.9619539,nrm.extra.perf.PAPI_TOT_INS.419089,23870690646083.0
1764785058.9619539,nrm.extra.perf.PAPI_TOT_CYC.419089,22107373346670.0
1764785058.9619539,nrm.extra.perf.PAPI_RES_STL.419089,5673025344738.0
1764785058.9619539,nrm.extra.perf.PAPI_L3_TCM.419089,59543716403.0
1764785059.964062,nrm.extra.perf.PAPI_L3_TCA.419089,69812009980.0
1764785059.964062,nrm.extra.perf.PAPI_TOT_INS.419089,24033580867501.0
1764785059.964062,nrm.extra.perf.PAPI_TOT_CYC.419089,22265391672711.0
1764785059.964062,nrm.extra.perf.PAPI_RES_STL.419089,5712799427865.0
1764785059.964062,nrm.extra.perf.PAPI_L3_TCM.419089,59979672438.0
1764785060.9673789,nrm.extra.perf.PAPI_L3_TCA.419089,70266875214.0
1764785060.9673789,nrm.extra.perf.PAPI_TOT_INS.419089,24209505043389.0
1764785060.9673789,nrm.extra.perf.PAPI_TOT_CYC.419089,22418384272175.0
1764785060.9673789,nrm.extra.perf.PAPI_RES_STL.419089,5751330357737.0
1764785060.9673789,nrm.extra.perf.PAPI_L3_TCM.419089,60370914607.0
1764785061.9620137,nrm.extra.perf.PAPI_L3_TCA.419089,70774400637.0
1764785061.9620137,nrm.extra.perf.PAPI_TOT_INS.419089,24372796615513.0
1764785061.9620137,nrm.extra.perf.PAPI_TOT_CYC.419089,22576750444268.0
1764785061.9620137,nrm.extra.perf.PAPI_RES_STL.419089,5790663932835.0
1764785061.9620137,nrm.extra.perf.PAPI_L3_TCM.419089,60802879477.0
1764785062.9620829,nrm.extra.perf.PAPI_L3_TCA.419089,71294324259.0
1764785062.9620829,nrm.extra.perf.PAPI_TOT_INS.419089,24547850574045.0
1764785062.9620829,nrm.extra.perf.PAPI_TOT_CYC.419089,22732932670597.0
1764785062.9620829,nrm.extra.perf.PAPI_RES_STL.419089,5831901939589.0
1764785062.9620829,nrm.extra.perf.PAPI_L3_TCM.419089,61252114281.0
1764785063.9633224,nrm.extra.perf.PAPI_L3_TCA.419089,71808030295.0
1764785063.9633224,nrm.extra.perf.PAPI_TOT_INS.419089,24717039863805.0
1764785063.9633224,nrm.extra.perf.PAPI_TOT_CYC.419089,22888218217090.0
1764785063.9633224,nrm.extra.perf.PAPI_RES_STL.419089,5872904840740.0
1764785063.9633224,nrm.extra.perf.PAPI_L3_TCM.419089,61698174373.0
1764785064.9665256,nrm.extra.perf.PAPI_L3_TCA.419089,72289286081.0
1764785064.9665256,nrm.extra.perf.PAPI_TOT_INS.419089,24894546552093.0
1764785064.9665256,nrm.extra.perf.PAPI_TOT_CYC.419089,23043391114949.0
1764785064.9665256,nrm.extra.perf.PAPI_RES_STL.419089,5912512142049.0
1764785064.9665256,nrm.extra.perf.PAPI_L3_TCM.419089,62119119534.0
1764785065.961951,nrm.extra.perf.PAPI_L3_TCA.419089,72764269211.0
1764785065.961951,nrm.extra.perf.PAPI_TOT_INS.419089,25059362902435.0
1764785065.961951,nrm.extra.perf.PAPI_TOT_CYC.419089,23201882133700.0
1764785065.961951,nrm.extra.perf.PAPI_RES_STL.419089,5950198350809.0
1764785065.961951,nrm.extra.perf.PAPI_L3_TCM.419089,62522990334.0
1764785066.9614427,nrm.extra.perf.PAPI_L3_TCA.419089,73280867520.0
1764785066.9614427,nrm.extra.perf.PAPI_TOT_INS.419089,25230443124562.0
1764785066.9614427,nrm.extra.perf.PAPI_TOT_CYC.419089,23359566982151.0
1764785066.9614427,nrm.extra.perf.PAPI_RES_STL.419089,5991165432699.0
1764785066.9614427,nrm.extra.perf.PAPI_L3_TCM.419089,62969498471.0
1764785067.96384,nrm.extra.perf.PAPI_L3_TCA.419089,73732519330.0
1764785067.96384,nrm.extra.perf.PAPI_TOT_INS.419089,25398636386677.0
1764785067.96384,nrm.extra.perf.PAPI_TOT_CYC.419089,23518727331683.0
1764785067.96384,nrm.extra.perf.PAPI_RES_STL.419089,6029714358476.0
1764785067.96384,nrm.extra.perf.PAPI_L3_TCM.419089,63365894698.0
1764785068.961644,nrm.extra.perf.PAPI_L3_TCA.419089,74230053709.0
1764785068.961644,nrm.extra.perf.PAPI_TOT_INS.419089,25565932367834.0
1764785068.961644,nrm.extra.perf.PAPI_TOT_CYC.419089,23678123888254.0
1764785068.961644,nrm.extra.perf.PAPI_RES_STL.419089,6068615398961.0
1764785068.961644,nrm.extra.perf.PAPI_L3_TCM.419089,63788960874.0
1764785069.9619007,nrm.extra.perf.PAPI_L3_TCA.419089,74746198420.0
1764785069.9619007,nrm.extra.perf.PAPI_TOT_INS.419089,25736623317201.0
1764785069.9619007,nrm.extra.perf.PAPI_TOT_CYC.419089,23834750239391.0
1764785069.9619007,nrm.extra.perf.PAPI_RES_STL.419089,6109446883893.0
1764785069.9619007,nrm.extra.perf.PAPI_L3_TCM.419089,64234507985.0
1764785070.9641182,nrm.extra.perf.PAPI_L3_TCA.419089,75252936039.0
1764785070.9641182,nrm.extra.perf.PAPI_TOT_INS.419089,25906063193107.0
1764785070.9641182,nrm.extra.perf.PAPI_TOT_CYC.419089,23991274832912.0
1764785070.9641182,nrm.extra.perf.PAPI_RES_STL.419089,6150071620768.0
1764785070.9641182,nrm.extra.perf.PAPI_L3_TCM.419089,64675857639.0
1764785071.961296,nrm.extra.perf.PAPI_L3_TCA.419089,75703144382.0
1764785071.961296,nrm.extra.perf.PAPI_TOT_INS.419089,26081911632722.0
1764785071.961296,nrm.extra.perf.PAPI_TOT_CYC.419089,24147389790587.0
1764785071.961296,nrm.extra.perf.PAPI_RES_STL.419089,6187601289575.0
1764785071.961296,nrm.extra.perf.PAPI_L3_TCM.419089,65059450056.0
1764785072.962663,nrm.extra.perf.PAPI_L3_TCA.419089,76185538577.0
1764785072.962663,nrm.extra.perf.PAPI_TOT_INS.419089,26232341704814.0
1764785072.962663,nrm.extra.perf.PAPI_TOT_CYC.419089,24310426379243.0
1764785072.962663,nrm.extra.perf.PAPI_RES_STL.419089,6226157373048.0
1764785072.962663,nrm.extra.perf.PAPI_L3_TCM.419089,65480233546.0
1764785073.9618092,nrm.extra.perf.PAPI_L3_TCA.419089,76635259745.0
1764785073.9618092,nrm.extra.perf.PAPI_TOT_INS.419089,26397281647116.0
1764785073.9618092,nrm.extra.perf.PAPI_TOT_CYC.419089,24472554168495.0
1764785073.9618092,nrm.extra.perf.PAPI_RES_STL.419089,6263285400592.0
1764785073.9618092,nrm.extra.perf.PAPI_L3_TCM.419089,65865985997.0
1764785074.963023,nrm.extra.perf.PAPI_L3_TCA.419089,77147352662.0
1764785074.963023,nrm.extra.perf.PAPI_TOT_INS.419089,26562341814395.0
1764785074.963023,nrm.extra.perf.PAPI_TOT_CYC.419089,24633003169089.0
1764785074.963023,nrm.extra.perf.PAPI_RES_STL.419089,6303726156380.0
1764785074.963023,nrm.extra.perf.PAPI_L3_TCM.419089,66307534200.0
1764785075.96122,nrm.extra.perf.PAPI_L3_TCA.419089,77586349073.0
1764785075.96122,nrm.extra.perf.PAPI_TOT_INS.419089,26735684697853.0
1764785075.96122,nrm.extra.perf.PAPI_TOT_CYC.419089,24789209932078.0
1764785075.96122,nrm.extra.perf.PAPI_RES_STL.419089,6340899336152.0
1764785075.96122,nrm.extra.perf.PAPI_L3_TCM.419089,66686218612.0
1764785076.9620595,nrm.extra.perf.PAPI_L3_TCA.419089,78096872172.0
1764785076.9620595,nrm.extra.perf.PAPI_TOT_INS.419089,26897796141798.0
1764785076.9620595,nrm.extra.perf.PAPI_TOT_CYC.419089,24947098877447.0
1764785076.9620595,nrm.extra.perf.PAPI_RES_STL.419089,6381191548171.0
1764785076.9620595,nrm.extra.perf.PAPI_L3_TCM.419089,67126672570.0
1764785077.9630456,nrm.extra.perf.PAPI_L3_TCA.419089,78614408693.0
1764785077.9630456,nrm.extra.perf.PAPI_TOT_INS.419089,27068154365088.0
1764785077.9630456,nrm.extra.perf.PAPI_TOT_CYC.419089,25103765648224.0
1764785077.9630456,nrm.extra.perf.PAPI_RES_STL.419089,6422411283583.0
1764785077.9630456,nrm.extra.perf.PAPI_L3_TCM.419089,67571800784.0
1764785078.9654856,nrm.extra.perf.PAPI_L3_TCA.419089,79061852562.0
1764785078.9654856,nrm.extra.perf.PAPI_TOT_INS.419089,27240406347643.0
1764785078.9654856,nrm.extra.perf.PAPI_TOT_CYC.419089,25256772456588.0
1764785078.9654856,nrm.extra.perf.PAPI_RES_STL.419089,6461145340244.0
1764785078.9654856,nrm.extra.perf.PAPI_L3_TCM.419089,67967294592.0
1764785079.9631014,nrm.extra.perf.PAPI_L3_TCA.419089,79572231725.0
1764785079.9631014,nrm.extra.perf.PAPI_TOT_INS.419089,27412590999734.0
1764785079.9631014,nrm.extra.perf.PAPI_TOT_CYC.419089,25411726699130.0
1764785079.9631014,nrm.extra.perf.PAPI_RES_STL.419089,6501610424207.0
1764785079.9631014,nrm.extra.perf.PAPI_L3_TCM.419089,68405816537.0
1764785080.964892,nrm.extra.perf.PAPI_L3_TCA.419089,80086266440.0
1764785080.964892,nrm.extra.perf.PAPI_TOT_INS.419089,27579630213264.0
1764785080.964892,nrm.extra.perf.PAPI_TOT_CYC.419089,25570486477690.0
1764785080.964892,nrm.extra.perf.PAPI_RES_STL.419089,6543281406351.0
1764785080.964892,nrm.extra.perf.PAPI_L3_TCM.419089,68854973481.0
1764785081.9621246,nrm.extra.perf.PAPI_L3_TCA.419089,80604171333.0
1764785081.9621246,nrm.extra.perf.PAPI_TOT_INS.419089,27751020153572.0
1764785081.9621246,nrm.extra.perf.PAPI_TOT_CYC.419089,25727133501089.0
1764785081.9621246,nrm.extra.perf.PAPI_RES_STL.419089,6585069664034.0
1764785081.9621246,nrm.extra.perf.PAPI_L3_TCM.419089,69306669070.0
1764785082.9659712,nrm.extra.perf.PAPI_L3_TCA.419089,81094323914.0
1764785082.9659712,nrm.extra.perf.PAPI_TOT_INS.419089,27925495175297.0
1764785082.9659712,nrm.extra.perf.PAPI_TOT_CYC.419089,25884764569399.0
1764785082.9659712,nrm.extra.perf.PAPI_RES_STL.419089,6625943464967.0
1764785082.9659712,nrm.extra.perf.PAPI_L3_TCM.419089,69739056845.0
1764785083.96201,nrm.extra.perf.PAPI_L3_TCA.419089,81563336925.0
1764785083.96201,nrm.extra.perf.PAPI_TOT_INS.419089,28097062054264.0
1764785083.96201,nrm.extra.perf.PAPI_TOT_CYC.419089,26041488767429.0
1764785083.96201,nrm.extra.perf.PAPI_RES_STL.419089,6665177182994.0
1764785083.96201,nrm.extra.perf.PAPI_L3_TCM.419089,70143441424.0
1764785084.9638984,nrm.extra.perf.PAPI_L3_TCA.419089,82085055482.0
1764785084.9638984,nrm.extra.perf.PAPI_TOT_INS.419089,28272497582660.0
1764785084.9638984,nrm.extra.perf.PAPI_TOT_CYC.419089,26198208467381.0
1764785084.9638984,nrm.extra.perf.PAPI_RES_STL.419089,6707423361052.0
1764785084.9638984,nrm.extra.perf.PAPI_L3_TCM.419089,70599330668.0
1764785085.961868,nrm.extra.perf.PAPI_L3_TCA.419089,82599328889.0
1764785085.961868,nrm.extra.perf.PAPI_TOT_INS.419089,28439811098368.0
1764785085.961868,nrm.extra.perf.PAPI_TOT_CYC.419089,26358946052653.0
1764785085.961868,nrm.extra.perf.PAPI_RES_STL.419089,6748957926292.0
1764785085.961868,nrm.extra.perf.PAPI_L3_TCM.419089,71049650946.0
1764785086.9627736,nrm.extra.perf.PAPI_L3_TCA.419089,83032100346.0
1764785086.9627736,nrm.extra.perf.PAPI_TOT_INS.419089,28603772443478.0
1764785086.9627736,nrm.extra.perf.PAPI_TOT_CYC.419089,26518890518259.0
1764785086.9627736,nrm.extra.perf.PAPI_RES_STL.419089,6786829434991.0
1764785086.9627736,nrm.extra.perf.PAPI_L3_TCM.419089,71427901723.0
1764785087.9649997,nrm.extra.perf.PAPI_L3_TCA.419089,83549372481.0
1764785087.9649997,nrm.extra.perf.PAPI_TOT_INS.419089,28773397823235.0
1764785087.9649997,nrm.extra.perf.PAPI_TOT_CYC.419089,26674666206410.0
1764785087.9649997,nrm.extra.perf.PAPI_RES_STL.419089,6828833481543.0
1764785087.9649997,nrm.extra.perf.PAPI_L3_TCM.419089,71880734878.0
1764785088.9650726,nrm.extra.perf.PAPI_L3_TCA.419089,84064178439.0
1764785088.9650726,nrm.extra.perf.PAPI_TOT_INS.419089,28940524201951.0
1764785088.9650726,nrm.extra.perf.PAPI_TOT_CYC.419089,26832940053797.0
1764785088.9650726,nrm.extra.perf.PAPI_RES_STL.419089,6870304951190.0
1764785088.9650726,nrm.extra.perf.PAPI_L3_TCM.419089,72330134231.0
1764785089.9617648,nrm.extra.perf.PAPI_L3_TCA.419089,84565539014.0
1764785089.9617648,nrm.extra.perf.PAPI_TOT_INS.419089,29113871180018.0
1764785089.9617648,nrm.extra.perf.PAPI_TOT_CYC.419089,26988895999860.0
1764785089.9617648,nrm.extra.perf.PAPI_RES_STL.419089,6911162650254.0
1764785089.9617648,nrm.extra.perf.PAPI_L3_TCM.419089,72769224072.0
1764785090.9613833,nrm.extra.perf.PAPI_L3_TCA.419089,85017234069.0
1764785090.9613833,nrm.extra.perf.PAPI_TOT_INS.419089,29280408058169.0
1764785090.9613833,nrm.extra.perf.PAPI_TOT_CYC.419089,27148351407928.0
1764785090.9613833,nrm.extra.perf.PAPI_RES_STL.419089,6950011579515.0
1764785090.9613833,nrm.extra.perf.PAPI_L3_TCM.419089,73163553314.0
1764785091.965011,nrm.extra.perf.PAPI_L3_TCA.419089,85526635008.0
1764785091.965011,nrm.extra.perf.PAPI_TOT_INS.419089,29442196798770.0
1764785091.965011,nrm.extra.perf.PAPI_TOT_CYC.419089,27309553511800.0
1764785091.965011,nrm.extra.perf.PAPI_RES_STL.419089,6991506950122.0
1764785091.965011,nrm.extra.perf.PAPI_L3_TCM.419089,73608202160.0
1764785092.9635558,nrm.extra.perf.PAPI_L3_TCA.419089,85981961538.0
1764785092.9635558,nrm.extra.perf.PAPI_TOT_INS.419089,29616735311875.0
1764785092.9635558,nrm.extra.perf.PAPI_TOT_CYC.419089,27466609061688.0
1764785092.9635558,nrm.extra.perf.PAPI_RES_STL.419089,7030859667451.0
1764785092.9635558,nrm.extra.perf.PAPI_L3_TCM.419089,74007861066.0
1764785093.9619696,nrm.extra.perf.PAPI_L3_TCA.419089,86479733168.0
1764785093.9619696,nrm.extra.perf.PAPI_TOT_INS.419089,29783566981934.0
1764785093.9619696,nrm.extra.perf.PAPI_TOT_CYC.419089,27626821223974.0
1764785093.9619696,nrm.extra.perf.PAPI_RES_STL.419089,7070432212285.0
1764785093.9619696,nrm.extra.perf.PAPI_L3_TCM.419089,74439765429.0
1764785094.9615583,nrm.extra.perf.PAPI_L3_TCA.419089,86996778274.0
1764785094.9615583,nrm.extra.perf.PAPI_TOT_INS.419089,29954604240208.0
1764785094.9615583,nrm.extra.perf.PAPI_TOT_CYC.419089,27784184268158.0
1764785094.9615583,nrm.extra.perf.PAPI_RES_STL.419089,7112327000953.0
1764785094.9615583,nrm.extra.perf.PAPI_L3_TCM.419089,74890124686.0
1764785095.9641418,nrm.extra.perf.PAPI_L3_TCA.419089,87429532737.0
1764785095.9641418,nrm.extra.perf.PAPI_TOT_INS.419089,30119074408646.0
1764785095.9641418,nrm.extra.perf.PAPI_TOT_CYC.419089,27940230600422.0
1764785095.9641418,nrm.extra.perf.PAPI_RES_STL.419089,7150142560644.0
1764785095.9641418,nrm.extra.perf.PAPI_L3_TCM.419089,75267668906.0
1764785096.9620016,nrm.extra.perf.PAPI_L3_TCA.419089,87943718062.0
1764785096.9620016,nrm.extra.perf.PAPI_TOT_INS.419089,30285593364681.0
1764785096.9620016,nrm.extra.perf.PAPI_TOT_CYC.419089,28099337195788.0
1764785096.9620016,nrm.extra.perf.PAPI_RES_STL.419089,7191308274830.0
1764785096.9620016,nrm.extra.perf.PAPI_L3_TCM.419089,75716368252.0
1764785097.964408,nrm.extra.perf.PAPI_L3_TCA.419089,88447251595.0
1764785097.964408,nrm.extra.perf.PAPI_TOT_INS.419089,30450812875221.0
1764785097.964408,nrm.extra.perf.PAPI_TOT_CYC.419089,28258204571927.0
1764785097.964408,nrm.extra.perf.PAPI_RES_STL.419089,7232677567853.0
1764785097.964408,nrm.extra.perf.PAPI_L3_TCM.419089,76160992738.0
1764785098.9655921,nrm.extra.perf.PAPI_L3_TCA.419089,88933811004.0
1764785098.9655921,nrm.extra.perf.PAPI_TOT_INS.419089,30628267475617.0
1764785098.9655921,nrm.extra.perf.PAPI_TOT_CYC.419089,28414865804998.0
1764785098.9655921,nrm.extra.perf.PAPI_RES_STL.419089,7273636323019.0
1764785098.9655921,nrm.extra.perf.PAPI_L3_TCM.419089,76589054204.0
1764785099.962002,nrm.extra.perf.PAPI_L3_TCA.419089,89410525342.0
1764785099.962002,nrm.extra.perf.PAPI_TOT_INS.419089,30790899315382.0
1764785099.962002,nrm.extra.perf.PAPI_TOT_CYC.419089,28574871934972.0
1764785099.962002,nrm.extra.perf.PAPI_RES_STL.419089,7312538552506.0
1764785099.962002,nrm.extra.perf.PAPI_L3_TCM.419089,76998383953.0
1764785100.9646435,nrm.extra.perf.PAPI_L3_TCA.419089,89861325939.0
1764785100.9646435,nrm.extra.perf.PAPI_TOT_INS.419089,30953575570385.0
1764785100.9646435,nrm.extra.perf.PAPI_TOT_CYC.419089,28733335606283.0
1764785100.9646435,nrm.extra.perf.PAPI_RES_STL.419089,7351918351665.0
1764785100.9646435,nrm.extra.perf.PAPI_L3_TCM.419089,77399831089.0
1764785101.9621491,nrm.extra.perf.PAPI_L3_TCA.419089,90348897862.0
1764785101.9621491,nrm.extra.perf.PAPI_TOT_INS.419089,31112028634834.0
1764785101.9621491,nrm.extra.perf.PAPI_TOT_CYC.419089,28893050973679.0
1764785101.9621491,nrm.extra.perf.PAPI_RES_STL.419089,7390918122992.0
1764785101.9621491,nrm.extra.perf.PAPI_L3_TCM.419089,77818400614.0
1764785102.9629338,nrm.extra.perf.PAPI_L3_TCA.419089,90783212394.0
1764785102.9629338,nrm.extra.perf.PAPI_TOT_INS.419089,31278787766405.0
1764785102.9629338,nrm.extra.perf.PAPI_TOT_CYC.419089,29049937366547.0
1764785102.9629338,nrm.extra.perf.PAPI_RES_STL.419089,7428942028060.0
1764785102.9629338,nrm.extra.perf.PAPI_L3_TCM.419089,78200815108.0
1764785103.9654737,nrm.extra.perf.PAPI_L3_TCA.419089,91265782264.0
1764785103.9654737,nrm.extra.perf.PAPI_TOT_INS.419089,31429120325935.0
1764785103.9654737,nrm.extra.perf.PAPI_TOT_CYC.419089,29215110687141.0
1764785103.9654737,nrm.extra.perf.PAPI_RES_STL.419089,7468284710816.0
1764785103.9654737,nrm.extra.perf.PAPI_L3_TCM.419089,78627788110.0
1764785104.9616227,nrm.extra.perf.PAPI_L3_TCA.419089,91722653579.0
1764785104.9616227,nrm.extra.perf.PAPI_TOT_INS.419089,31603035926123.0
1764785104.9616227,nrm.extra.perf.PAPI_TOT_CYC.419089,29372409332677.0
1764785104.9616227,nrm.extra.perf.PAPI_RES_STL.419089,7506981249375.0
1764785104.9616227,nrm.extra.perf.PAPI_L3_TCM.419089,79018606150.0
1764785105.9615722,nrm.extra.perf.PAPI_L3_TCA.419089,92239189571.0
1764785105.9615722,nrm.extra.perf.PAPI_TOT_INS.419089,31772436072204.0
1764785105.9615722,nrm.extra.perf.PAPI_TOT_CYC.419089,29530802848545.0
1764785105.9615722,nrm.extra.perf.PAPI_RES_STL.419089,7548597228356.0
1764785105.9615722,nrm.extra.perf.PAPI_L3_TCM.419089,79468886233.0
1764785106.9623697,nrm.extra.perf.PAPI_L3_TCA.419089,92754661503.0
1764785106.9623697,nrm.extra.perf.PAPI_TOT_INS.419089,31941171746148.0
1764785106.9623697,nrm.extra.perf.PAPI_TOT_CYC.419089,29685481073874.0
1764785106.9623697,nrm.extra.perf.PAPI_RES_STL.419089,7590241872951.0
1764785106.9623697,nrm.extra.perf.PAPI_L3_TCM.419089,79918204188.0
1764785107.962952,nrm.extra.perf.PAPI_L3_TCA.419089,93273124136.0
1764785107.962952,nrm.extra.perf.PAPI_TOT_INS.419089,32112765017608.0
1764785107.962952,nrm.extra.perf.PAPI_TOT_CYC.419089,29841065270870.0
1764785107.962952,nrm.extra.perf.PAPI_RES_STL.419089,7632272852931.0
1764785107.962952,nrm.extra.perf.PAPI_L3_TCM.419089,80369611135.0
1764785108.963445,nrm.extra.perf.PAPI_L3_TCA.419089,93716188844.0
1764785108.963445,nrm.extra.perf.PAPI_TOT_INS.419089,32287920542599.0
1764785108.963445,nrm.extra.perf.PAPI_TOT_CYC.419089,29994316087282.0
1764785108.963445,nrm.extra.perf.PAPI_RES_STL.419089,7670984572521.0
1764785108.963445,nrm.extra.perf.PAPI_L3_TCM.419089,80758712584.0
1764785109.9638658,nrm.extra.perf.PAPI_L3_TCA.419089,94220241383.0
1764785109.9638658,nrm.extra.perf.PAPI_TOT_INS.419089,32445491906372.0
1764785109.9638658,nrm.extra.perf.PAPI_TOT_CYC.419089,30155672109977.0
1764785109.9638658,nrm.extra.perf.PAPI_RES_STL.419089,7711384223875.0
1764785109.9638658,nrm.extra.perf.PAPI_L3_TCM.419089,81196197877.0
1764785110.9644058,nrm.extra.perf.PAPI_L3_TCA.419089,94679259017.0
1764785110.9644058,nrm.extra.perf.PAPI_TOT_INS.419089,32614566385787.0
1764785110.9644058,nrm.extra.perf.PAPI_TOT_CYC.419089,30312315613841.0
1764785110.9644058,nrm.extra.perf.PAPI_RES_STL.419089,7752047575044.0
1764785110.9644058,nrm.extra.perf.PAPI_L3_TCM.419089,81604742572.0
1764785111.9617968,nrm.extra.perf.PAPI_L3_TCA.419089,95164856724.0
1764785111.9617968,nrm.extra.perf.PAPI_TOT_INS.419089,32773575661016.0
1764785111.9617968,nrm.extra.perf.PAPI_TOT_CYC.419089,30470699793220.0
1764785111.9617968,nrm.extra.perf.PAPI_RES_STL.419089,7791818031488.0
1764785111.9617968,nrm.extra.perf.PAPI_L3_TCM.419089,82022958252.0
1764785112.9620094,nrm.extra.perf.PAPI_L3_TCA.419089,95660924217.0
1764785112.9620094,nrm.extra.perf.PAPI_TOT_INS.419089,32941572880888.0
1764785112.9620094,nrm.extra.perf.PAPI_TOT_CYC.419089,30626743062434.0
1764785112.9620094,nrm.extra.perf.PAPI_RES_STL.419089,7833891502009.0
1764785112.9620094,nrm.extra.perf.PAPI_L3_TCM.419089,82458308450.0
1764785113.9678347,nrm.extra.perf.PAPI_L3_TCA.419089,96129453627.0
1764785113.9678347,nrm.extra.perf.PAPI_TOT_INS.419089,33117771600415.0
1764785113.9678347,nrm.extra.perf.PAPI_TOT_CYC.419089,30783459940526.0
1764785113.9678347,nrm.extra.perf.PAPI_RES_STL.419089,7874738884895.0
1764785113.9678347,nrm.extra.perf.PAPI_L3_TCM.419089,82869504872.0
1764785114.9619286,nrm.extra.perf.PAPI_L3_TCA.419089,96637443961.0
1764785114.9619286,nrm.extra.perf.PAPI_TOT_INS.419089,33286703039958.0
1764785114.9619286,nrm.extra.perf.PAPI_TOT_CYC.419089,30940390024438.0
1764785114.9619286,nrm.extra.perf.PAPI_RES_STL.419089,7915207256646.0
1764785114.9619286,nrm.extra.perf.PAPI_L3_TCM.419089,83309809479.0
1764785115.962036,nrm.extra.perf.PAPI_L3_TCA.419089,97154029630.0
1764785115.962036,nrm.extra.perf.PAPI_TOT_INS.419089,33458651408131.0
1764785115.962036,nrm.extra.perf.PAPI_TOT_CYC.419089,31096234694775.0
1764785115.962036,nrm.extra.perf.PAPI_RES_STL.419089,7957032154545.0
1764785115.962036,nrm.extra.perf.PAPI_L3_TCM.419089,83761150319.0
1764785116.96295,nrm.extra.perf.PAPI_L3_TCA.419089,97615716223.0
1764785116.96295,nrm.extra.perf.PAPI_TOT_INS.419089,33622870985289.0
1764785116.96295,nrm.extra.perf.PAPI_TOT_CYC.419089,31255040402449.0
1764785116.96295,nrm.extra.perf.PAPI_RES_STL.419089,7996388925383.0
1764785116.96295,nrm.extra.perf.PAPI_L3_TCM.419089,84166780517.0
1764785117.9640524,nrm.extra.perf.PAPI_L3_TCA.419089,98104945919.0
1764785117.9640524,nrm.extra.perf.PAPI_TOT_INS.419089,33797033311928.0
1764785117.9640524,nrm.extra.perf.PAPI_TOT_CYC.419089,31413228174488.0
1764785117.9640524,nrm.extra.perf.PAPI_RES_STL.419089,8036036283871.0
1764785117.9640524,nrm.extra.perf.PAPI_L3_TCM.419089,84587924977.0
1764785118.961461,nrm.extra.perf.PAPI_L3_TCA.419089,98621461025.0
1764785118.961461,nrm.extra.perf.PAPI_TOT_INS.419089,33968009269593.0
1764785118.961461,nrm.extra.perf.PAPI_TOT_CYC.419089,31571851646777.0
1764785118.961461,nrm.extra.perf.PAPI_RES_STL.419089,8077456816367.0
1764785118.961461,nrm.extra.perf.PAPI_L3_TCM.419089,85039252553.0
1764785119.9615438,nrm.extra.perf.PAPI_L3_TCA.419089,99137274274.0
1764785119.9615438,nrm.extra.perf.PAPI_TOT_INS.419089,34138236423942.0
1764785119.9615438,nrm.extra.perf.PAPI_TOT_CYC.419089,31729877591917.0
1764785119.9615438,nrm.extra.perf.PAPI_RES_STL.419089,8119208168240.0
1764785119.9615438,nrm.extra.perf.PAPI_L3_TCM.419089,85489730187.0
1764785120.9618182,nrm.extra.perf.PAPI_L3_TCA.419089,99633839857.0
1764785120.9618182,nrm.extra.perf.PAPI_TOT_INS.419089,34308051269262.0
1764785120.9618182,nrm.extra.perf.PAPI_TOT_CYC.419089,31888559399286.0
1764785120.9618182,nrm.extra.perf.PAPI_RES_STL.419089,8160177365433.0
1764785120.9618182,nrm.extra.perf.PAPI_L3_TCM.419089,85926235817.0
1764785121.963098,nrm.extra.perf.PAPI_L3_TCA.419089,100082166596.0
1764785121.963098,nrm.extra.perf.PAPI_TOT_INS.419089,34469778439536.0
1764785121.963098,nrm.extra.perf.PAPI_TOT_CYC.419089,32048768194288.0
1764785121.963098,nrm.extra.perf.PAPI_RES_STL.419089,8197689970876.0
1764785121.963098,nrm.extra.perf.PAPI_L3_TCM.419089,86315512164.0
1764785122.962821,nrm.extra.perf.PAPI_L3_TCA.419089,100592311689.0
1764785122.962821,nrm.extra.perf.PAPI_TOT_INS.419089,34634475426069.0
1764785122.962821,nrm.extra.perf.PAPI_TOT_CYC.419089,32205656984619.0
1764785122.962821,nrm.extra.perf.PAPI_RES_STL.419089,8239403590013.0
1764785122.962821,nrm.extra.perf.PAPI_L3_TCM.419089,86759075798.0
1764785123.9629421,nrm.extra.perf.PAPI_L3_TCA.419089,101030966761.0
1764785123.9629421,nrm.extra.perf.PAPI_TOT_INS.419089,34802374281665.0
1764785123.9629421,nrm.extra.perf.PAPI_TOT_CYC.419089,32361537833437.0
1764785123.9629421,nrm.extra.perf.PAPI_RES_STL.419089,8276731468872.0
1764785123.9629421,nrm.extra.perf.PAPI_L3_TCM.419089,87141832894.0
1764785124.9620824,nrm.extra.perf.PAPI_L3_TCA.419089,101542547063.0
1764785124.9620824,nrm.extra.perf.PAPI_TOT_INS.419089,34965511027066.0
1764785124.9620824,nrm.extra.perf.PAPI_TOT_CYC.419089,32519280109636.0
1764785124.9620824,nrm.extra.perf.PAPI_RES_STL.419089,8317466810713.0
1764785124.9620824,nrm.extra.perf.PAPI_L3_TCM.419089,87586502005.0
1764785125.9623792,nrm.extra.perf.PAPI_L3_TCA.419089,101980333055.0
1764785125.9623792,nrm.extra.perf.PAPI_TOT_INS.419089,35136085752713.0
1764785125.9623792,nrm.extra.perf.PAPI_TOT_CYC.419089,32676443311391.0
1764785125.9623792,nrm.extra.perf.PAPI_RES_STL.419089,8354739921318.0
1764785125.9623792,nrm.extra.perf.PAPI_L3_TCM.419089,87967413633.0
1764785126.961809,nrm.extra.perf.PAPI_L3_TCA.419089,102489317790.0
1764785126.961809,nrm.extra.perf.PAPI_TOT_INS.419089,35296509220087.0
1764785126.961809,nrm.extra.perf.PAPI_TOT_CYC.419089,32837538255359.0
1764785126.961809,nrm.extra.perf.PAPI_RES_STL.419089,8395676489376.0
1764785126.961809,nrm.extra.perf.PAPI_L3_TCM.419089,88411560501.0
1764785127.9668221,nrm.extra.perf.PAPI_L3_TCA.419089,102972865502.0
1764785127.9668221,nrm.extra.perf.PAPI_TOT_INS.419089,35464768339696.0
1764785127.9668221,nrm.extra.perf.PAPI_TOT_CYC.419089,32996960238294.0
1764785127.9668221,nrm.extra.perf.PAPI_RES_STL.419089,8436857894792.0
1764785127.9668221,nrm.extra.perf.PAPI_L3_TCM.419089,88837472549.0
1764785128.9624836,nrm.extra.perf.PAPI_L3_TCA.419089,103440527721.0
1764785128.9624836,nrm.extra.perf.PAPI_TOT_INS.419089,35631509647913.0
1764785128.9624836,nrm.extra.perf.PAPI_TOT_CYC.419089,33151182054081.0
1764785128.9624836,nrm.extra.perf.PAPI_RES_STL.419089,8475626144709.0
1764785128.9624836,nrm.extra.perf.PAPI_L3_TCM.419089,89240067005.0
1764785129.9618483,nrm.extra.perf.PAPI_L3_TCA.419089,103955905590.0
1764785129.9618483,nrm.extra.perf.PAPI_TOT_INS.419089,35800705416851.0
1764785129.9618483,nrm.extra.perf.PAPI_TOT_CYC.419089,33309218328339.0
1764785129.9618483,nrm.extra.perf.PAPI_RES_STL.419089,8517706751322.0
1764785129.9618483,nrm.extra.perf.PAPI_L3_TCM.419089,89688668187.0
1764785130.963065,nrm.extra.perf.PAPI_L3_TCA.419089,104433975829.0
1764785130.963065,nrm.extra.perf.PAPI_TOT_INS.419089,35968720689710.0
1764785130.963065,nrm.extra.perf.PAPI_TOT_CYC.419089,33468588790226.0
1764785130.963065,nrm.extra.perf.PAPI_RES_STL.419089,8558441838260.0
1764785130.963065,nrm.extra.perf.PAPI_L3_TCM.419089,90110110443.0
1764785131.7941127,nrm.extra.perf.PAPI_L3_TCA.419089,104708316858.0
1764785131.7941127,nrm.extra.perf.PAPI_TOT_INS.419089,36075052759999.0
1764785131.7941127,nrm.extra.perf.PAPI_TOT_CYC.419089,33571109734533.0
1764785131.7941127,nrm.extra.perf.PAPI_RES_STL.419089,8582147490110.0
1764785131.7941127,nrm.extra.perf.PAPI_L3_TCM.419089,90343766276.0
