time,scope,value
1738769198.1178544,nrm.extra.perf.PAPI_L3_TCA.118454,316367274.0
1738769198.1178544,nrm.extra.perf.PAPI_TOT_INS.118454,108477391156.0
1738769198.1178544,nrm.extra.perf.PAPI_TOT_CYC.118454,203886825048.0
1738769198.1178544,nrm.extra.perf.PAPI_RES_STL.118454,93698068782.0
1738769198.1178544,nrm.extra.perf.PAPI_L3_TCM.118454,45284282.0
1738769199.1184607,nrm.extra.perf.PAPI_L3_TCA.118454,598699633.0
1738769199.1184607,nrm.extra.perf.PAPI_TOT_INS.118454,205912071204.0
1738769199.1184607,nrm.extra.perf.PAPI_TOT_CYC.118454,387401207283.0
1738769199.1184607,nrm.extra.perf.PAPI_RES_STL.118454,175714221595.0
1738769199.1184607,nrm.extra.perf.PAPI_L3_TCM.118454,82509666.0
1738769200.1180367,nrm.extra.perf.PAPI_L3_TCA.118454,937396114.0
1738769200.1180367,nrm.extra.perf.PAPI_TOT_INS.118454,320026872405.0
1738769200.1180367,nrm.extra.perf.PAPI_TOT_CYC.118454,586650518102.0
1738769200.1180367,nrm.extra.perf.PAPI_RES_STL.118454,272204822241.0
1738769200.1180367,nrm.extra.perf.PAPI_L3_TCM.118454,125216187.0
1738769201.1176128,nrm.extra.perf.PAPI_L3_TCA.118454,1281151103.0
1738769201.1176128,nrm.extra.perf.PAPI_TOT_INS.118454,435388073359.0
1738769201.1176128,nrm.extra.perf.PAPI_TOT_CYC.118454,784337276876.0
1738769201.1176128,nrm.extra.perf.PAPI_RES_STL.118454,369860813973.0
1738769201.1176128,nrm.extra.perf.PAPI_L3_TCM.118454,168892305.0
1738769202.118213,nrm.extra.perf.PAPI_L3_TCA.118454,1622944483.0
1738769202.118213,nrm.extra.perf.PAPI_TOT_INS.118454,550435683167.0
1738769202.118213,nrm.extra.perf.PAPI_TOT_CYC.118454,982690336475.0
1738769202.118213,nrm.extra.perf.PAPI_RES_STL.118454,466792533531.0
1738769202.118213,nrm.extra.perf.PAPI_L3_TCM.118454,212693947.0
1738769203.1177585,nrm.extra.perf.PAPI_L3_TCA.118454,1967805926.0
1738769203.1177585,nrm.extra.perf.PAPI_TOT_INS.118454,666302595337.0
1738769203.1177585,nrm.extra.perf.PAPI_TOT_CYC.118454,1181343071525.0
1738769203.1177585,nrm.extra.perf.PAPI_RES_STL.118454,564616778383.0
1738769203.1177585,nrm.extra.perf.PAPI_L3_TCM.118454,256511174.0
1738769204.1183507,nrm.extra.perf.PAPI_L3_TCA.118454,2314210911.0
1738769204.1183507,nrm.extra.perf.PAPI_TOT_INS.118454,782613956352.0
1738769204.1183507,nrm.extra.perf.PAPI_TOT_CYC.118454,1380119209217.0
1738769204.1183507,nrm.extra.perf.PAPI_RES_STL.118454,662675013780.0
1738769204.1183507,nrm.extra.perf.PAPI_L3_TCM.118454,300542804.0
1738769205.1179419,nrm.extra.perf.PAPI_L3_TCA.118454,2662866258.0
1738769205.1179419,nrm.extra.perf.PAPI_TOT_INS.118454,899527644441.0
1738769205.1179419,nrm.extra.perf.PAPI_TOT_CYC.118454,1578670178348.0
1738769205.1179419,nrm.extra.perf.PAPI_RES_STL.118454,761449276508.0
1738769205.1179419,nrm.extra.perf.PAPI_L3_TCM.118454,344637071.0
1738769206.1183012,nrm.extra.perf.PAPI_L3_TCA.118454,3006404444.0
1738769206.1183012,nrm.extra.perf.PAPI_TOT_INS.118454,1015217330890.0
1738769206.1183012,nrm.extra.perf.PAPI_TOT_CYC.118454,1777659837012.0
1738769206.1183012,nrm.extra.perf.PAPI_RES_STL.118454,858896833771.0
1738769206.1183012,nrm.extra.perf.PAPI_L3_TCM.118454,388212333.0
1738769207.116595,nrm.extra.perf.PAPI_L3_TCA.118454,3348522053.0
1738769207.116595,nrm.extra.perf.PAPI_TOT_INS.118454,1130190434326.0
1738769207.116595,nrm.extra.perf.PAPI_TOT_CYC.118454,1973878239605.0
1738769207.116595,nrm.extra.perf.PAPI_RES_STL.118454,956021832503.0
1738769207.116595,nrm.extra.perf.PAPI_L3_TCM.118454,431875966.0
1738769208.1180484,nrm.extra.perf.PAPI_L3_TCA.118454,3695653822.0
1738769208.1180484,nrm.extra.perf.PAPI_TOT_INS.118454,1246237763605.0
1738769208.1180484,nrm.extra.perf.PAPI_TOT_CYC.118454,2172173381716.0
1738769208.1180484,nrm.extra.perf.PAPI_RES_STL.118454,1054699596179.0
1738769208.1180484,nrm.extra.perf.PAPI_L3_TCM.118454,477406039.0
1738769209.1175654,nrm.extra.perf.PAPI_L3_TCA.118454,4046227887.0
1738769209.1175654,nrm.extra.perf.PAPI_TOT_INS.118454,1363716205267.0
1738769209.1175654,nrm.extra.perf.PAPI_TOT_CYC.118454,2371471420293.0
1738769209.1175654,nrm.extra.perf.PAPI_RES_STL.118454,1153923153609.0
1738769209.1175654,nrm.extra.perf.PAPI_L3_TCM.118454,521508249.0
1738769210.1181352,nrm.extra.perf.PAPI_L3_TCA.118454,4390767841.0
1738769210.1181352,nrm.extra.perf.PAPI_TOT_INS.118454,1479638855062.0
1738769210.1181352,nrm.extra.perf.PAPI_TOT_CYC.118454,2571058006532.0
1738769210.1181352,nrm.extra.perf.PAPI_RES_STL.118454,1251531674270.0
1738769210.1181352,nrm.extra.perf.PAPI_L3_TCM.118454,565053129.0
1738769211.1176972,nrm.extra.perf.PAPI_L3_TCA.118454,4659911821.0
1738769211.1176972,nrm.extra.perf.PAPI_TOT_INS.118454,1573791073912.0
1738769211.1176972,nrm.extra.perf.PAPI_TOT_CYC.118454,2750279072219.0
1738769211.1176972,nrm.extra.perf.PAPI_RES_STL.118454,1328773078712.0
1738769211.1176972,nrm.extra.perf.PAPI_L3_TCM.118454,599184656.0
1738769212.118313,nrm.extra.perf.PAPI_L3_TCA.118454,5006801669.0
1738769212.118313,nrm.extra.perf.PAPI_TOT_INS.118454,1690417468281.0
1738769212.118313,nrm.extra.perf.PAPI_TOT_CYC.118454,2949793931064.0
1738769212.118313,nrm.extra.perf.PAPI_RES_STL.118454,1427297563541.0
1738769212.118313,nrm.extra.perf.PAPI_L3_TCM.118454,643448280.0
1738769213.1178932,nrm.extra.perf.PAPI_L3_TCA.118454,5353705530.0
1738769213.1178932,nrm.extra.perf.PAPI_TOT_INS.118454,1806851465268.0
1738769213.1178932,nrm.extra.perf.PAPI_TOT_CYC.118454,3148457488465.0
1738769213.1178932,nrm.extra.perf.PAPI_RES_STL.118454,1525709739329.0
1738769213.1178932,nrm.extra.perf.PAPI_L3_TCM.118454,687458879.0
1738769214.1184285,nrm.extra.perf.PAPI_L3_TCA.118454,5677228817.0
1738769214.1184285,nrm.extra.perf.PAPI_TOT_INS.118454,1916783392491.0
1738769214.1184285,nrm.extra.perf.PAPI_TOT_CYC.118454,3343423323559.0
1738769214.1184285,nrm.extra.perf.PAPI_RES_STL.118454,1617704494408.0
1738769214.1184285,nrm.extra.perf.PAPI_L3_TCM.118454,729591658.0
1738769215.1180294,nrm.extra.perf.PAPI_L3_TCA.118454,6026788085.0
1738769215.1180294,nrm.extra.perf.PAPI_TOT_INS.118454,2033939003300.0
1738769215.1180294,nrm.extra.perf.PAPI_TOT_CYC.118454,3542487615183.0
1738769215.1180294,nrm.extra.perf.PAPI_RES_STL.118454,1716786220519.0
1738769215.1180294,nrm.extra.perf.PAPI_L3_TCM.118454,773814412.0
1738769216.116337,nrm.extra.perf.PAPI_L3_TCA.118454,6282660817.0
1738769216.116337,nrm.extra.perf.PAPI_TOT_INS.118454,2124809972770.0
1738769216.116337,nrm.extra.perf.PAPI_TOT_CYC.118454,3720655433694.0
1738769216.116337,nrm.extra.perf.PAPI_RES_STL.118454,1789955801481.0
1738769216.116337,nrm.extra.perf.PAPI_L3_TCM.118454,805203168.0
1738769217.11784,nrm.extra.perf.PAPI_L3_TCA.118454,6529674570.0
1738769217.11784,nrm.extra.perf.PAPI_TOT_INS.118454,2212776147508.0
1738769217.11784,nrm.extra.perf.PAPI_TOT_CYC.118454,3896306229874.0
1738769217.11784,nrm.extra.perf.PAPI_RES_STL.118454,1861108463482.0
1738769217.11784,nrm.extra.perf.PAPI_L3_TCM.118454,837477359.0
1738769218.1184452,nrm.extra.perf.PAPI_L3_TCA.118454,6876459136.0
1738769218.1184452,nrm.extra.perf.PAPI_TOT_INS.118454,2329023301087.0
1738769218.1184452,nrm.extra.perf.PAPI_TOT_CYC.118454,4095018839664.0
1738769218.1184452,nrm.extra.perf.PAPI_RES_STL.118454,1959376659313.0
1738769218.1184452,nrm.extra.perf.PAPI_L3_TCM.118454,881234558.0
1738769219.1181004,nrm.extra.perf.PAPI_L3_TCA.118454,7225171307.0
1738769219.1181004,nrm.extra.perf.PAPI_TOT_INS.118454,2445889627705.0
1738769219.1181004,nrm.extra.perf.PAPI_TOT_CYC.118454,4293952896894.0
1738769219.1181004,nrm.extra.perf.PAPI_RES_STL.118454,2058050681667.0
1738769219.1181004,nrm.extra.perf.PAPI_L3_TCM.118454,925213590.0
1738769220.117668,nrm.extra.perf.PAPI_L3_TCA.118454,7574133852.0
1738769220.117668,nrm.extra.perf.PAPI_TOT_INS.118454,2562787715881.0
1738769220.117668,nrm.extra.perf.PAPI_TOT_CYC.118454,4492857062304.0
1738769220.117668,nrm.extra.perf.PAPI_RES_STL.118454,2157071755330.0
1738769220.117668,nrm.extra.perf.PAPI_L3_TCM.118454,969140863.0
1738769221.1179109,nrm.extra.perf.PAPI_L3_TCA.118454,7921065737.0
1738769221.1179109,nrm.extra.perf.PAPI_TOT_INS.118454,2679316637951.0
1738769221.1179109,nrm.extra.perf.PAPI_TOT_CYC.118454,4692094099458.0
1738769221.1179109,nrm.extra.perf.PAPI_RES_STL.118454,2255263001231.0
1738769221.1179109,nrm.extra.perf.PAPI_L3_TCM.118454,1012999848.0
1738769222.1184387,nrm.extra.perf.PAPI_L3_TCA.118454,8268343808.0
1738769222.1184387,nrm.extra.perf.PAPI_TOT_INS.118454,2795599783988.0
1738769222.1184387,nrm.extra.perf.PAPI_TOT_CYC.118454,4891100435749.0
1738769222.1184387,nrm.extra.perf.PAPI_RES_STL.118454,2354008302133.0
1738769222.1184387,nrm.extra.perf.PAPI_L3_TCM.118454,1058600903.0
1738769223.1185243,nrm.extra.perf.PAPI_L3_TCA.118454,8536747735.0
1738769223.1185243,nrm.extra.perf.PAPI_TOT_INS.118454,2888429638003.0
1738769223.1185243,nrm.extra.perf.PAPI_TOT_CYC.118454,5063536314372.0
1738769223.1185243,nrm.extra.perf.PAPI_RES_STL.118454,2430301429283.0
1738769223.1185243,nrm.extra.perf.PAPI_L3_TCM.118454,1093229670.0
1738769224.1175556,nrm.extra.perf.PAPI_L3_TCA.118454,8808932474.0
1738769224.1175556,nrm.extra.perf.PAPI_TOT_INS.118454,2983617135180.0
1738769224.1175556,nrm.extra.perf.PAPI_TOT_CYC.118454,5245222941687.0
1738769224.1175556,nrm.extra.perf.PAPI_RES_STL.118454,2507839982992.0
1738769224.1175556,nrm.extra.perf.PAPI_L3_TCM.118454,1131288414.0
1738769225.1180696,nrm.extra.perf.PAPI_L3_TCA.118454,9073879352.0
1738769225.1180696,nrm.extra.perf.PAPI_TOT_INS.118454,3076564601324.0
1738769225.1180696,nrm.extra.perf.PAPI_TOT_CYC.118454,5425880270054.0
1738769225.1180696,nrm.extra.perf.PAPI_RES_STL.118454,2583697151845.0
1738769225.1180696,nrm.extra.perf.PAPI_L3_TCM.118454,1167059152.0
1738769226.1176665,nrm.extra.perf.PAPI_L3_TCA.118454,9403167701.0
1738769226.1176665,nrm.extra.perf.PAPI_TOT_INS.118454,3187403680388.0
1738769226.1176665,nrm.extra.perf.PAPI_TOT_CYC.118454,5618349636644.0
1738769226.1176665,nrm.extra.perf.PAPI_RES_STL.118454,2677218669566.0
1738769226.1176665,nrm.extra.perf.PAPI_L3_TCM.118454,1211064576.0
1738769227.1182275,nrm.extra.perf.PAPI_L3_TCA.118454,9668830578.0
1738769227.1182275,nrm.extra.perf.PAPI_TOT_INS.118454,3280495146215.0
1738769227.1182275,nrm.extra.perf.PAPI_TOT_CYC.118454,5797034302565.0
1738769227.1182275,nrm.extra.perf.PAPI_RES_STL.118454,2753136713297.0
1738769227.1182275,nrm.extra.perf.PAPI_L3_TCM.118454,1249012885.0
1738769228.1177769,nrm.extra.perf.PAPI_L3_TCA.118454,9922363138.0
1738769228.1177769,nrm.extra.perf.PAPI_TOT_INS.118454,3370248719201.0
1738769228.1177769,nrm.extra.perf.PAPI_TOT_CYC.118454,5972593236691.0
1738769228.1177769,nrm.extra.perf.PAPI_RES_STL.118454,2825909772122.0
1738769228.1177769,nrm.extra.perf.PAPI_L3_TCM.118454,1282203078.0
1738769229.117813,nrm.extra.perf.PAPI_L3_TCA.118454,10170792200.0
1738769229.117813,nrm.extra.perf.PAPI_TOT_INS.118454,3458139171963.0
1738769229.117813,nrm.extra.perf.PAPI_TOT_CYC.118454,6144021056840.0
1738769229.117813,nrm.extra.perf.PAPI_RES_STL.118454,2896886888226.0
1738769229.117813,nrm.extra.perf.PAPI_L3_TCM.118454,1315574511.0
1738769230.1179583,nrm.extra.perf.PAPI_L3_TCA.118454,10444193685.0
1738769230.1179583,nrm.extra.perf.PAPI_TOT_INS.118454,3553350211115.0
1738769230.1179583,nrm.extra.perf.PAPI_TOT_CYC.118454,6326317698511.0
1738769230.1179583,nrm.extra.perf.PAPI_RES_STL.118454,2974938747459.0
1738769230.1179583,nrm.extra.perf.PAPI_L3_TCM.118454,1352811914.0
1738769231.118547,nrm.extra.perf.PAPI_L3_TCA.118454,10690199040.0
1738769231.118547,nrm.extra.perf.PAPI_TOT_INS.118454,3640696578101.0
1738769231.118547,nrm.extra.perf.PAPI_TOT_CYC.118454,6497761388565.0
1738769231.118547,nrm.extra.perf.PAPI_RES_STL.118454,3045672953729.0
1738769231.118547,nrm.extra.perf.PAPI_L3_TCM.118454,1389714155.0
1738769232.1178856,nrm.extra.perf.PAPI_L3_TCA.118454,10986586610.0
1738769232.1178856,nrm.extra.perf.PAPI_TOT_INS.118454,3742418445364.0
1738769232.1178856,nrm.extra.perf.PAPI_TOT_CYC.118454,6682187949043.0
1738769232.1178856,nrm.extra.perf.PAPI_RES_STL.118454,3130064154674.0
1738769232.1178856,nrm.extra.perf.PAPI_L3_TCM.118454,1426726980.0
1738769233.1184647,nrm.extra.perf.PAPI_L3_TCA.118454,11245529439.0
1738769233.1184647,nrm.extra.perf.PAPI_TOT_INS.118454,3833661600078.0
1738769233.1184647,nrm.extra.perf.PAPI_TOT_CYC.118454,6860013020603.0
1738769233.1184647,nrm.extra.perf.PAPI_RES_STL.118454,3204376141025.0
1738769233.1184647,nrm.extra.perf.PAPI_L3_TCM.118454,1459915763.0
1738769234.1178916,nrm.extra.perf.PAPI_L3_TCA.118454,11574458912.0
1738769234.1178916,nrm.extra.perf.PAPI_TOT_INS.118454,3944760404614.0
1738769234.1178916,nrm.extra.perf.PAPI_TOT_CYC.118454,7054110674834.0
1738769234.1178916,nrm.extra.perf.PAPI_RES_STL.118454,3297808014503.0
1738769234.1178916,nrm.extra.perf.PAPI_L3_TCM.118454,1502359931.0
1738769235.118466,nrm.extra.perf.PAPI_L3_TCA.118454,11906386465.0
1738769235.118466,nrm.extra.perf.PAPI_TOT_INS.118454,4056324619633.0
1738769235.118466,nrm.extra.perf.PAPI_TOT_CYC.118454,7246341384542.0
1738769235.118466,nrm.extra.perf.PAPI_RES_STL.118454,3392071145599.0
1738769235.118466,nrm.extra.perf.PAPI_L3_TCM.118454,1545545972.0
1738769236.1180828,nrm.extra.perf.PAPI_L3_TCA.118454,12194157961.0
1738769236.1180828,nrm.extra.perf.PAPI_TOT_INS.118454,4155353816995.0
1738769236.1180828,nrm.extra.perf.PAPI_TOT_CYC.118454,7429982171900.0
1738769236.1180828,nrm.extra.perf.PAPI_RES_STL.118454,3474049792150.0
1738769236.1180828,nrm.extra.perf.PAPI_L3_TCM.118454,1586815383.0
1738769237.1176996,nrm.extra.perf.PAPI_L3_TCA.118454,12451225780.0
1738769237.1176996,nrm.extra.perf.PAPI_TOT_INS.118454,4246164096884.0
1738769237.1176996,nrm.extra.perf.PAPI_TOT_CYC.118454,7606859810713.0
1738769237.1176996,nrm.extra.perf.PAPI_RES_STL.118454,3547573958968.0
1738769237.1176996,nrm.extra.perf.PAPI_L3_TCM.118454,1624357229.0
1738769238.1180325,nrm.extra.perf.PAPI_L3_TCA.118454,12728797674.0
1738769238.1180325,nrm.extra.perf.PAPI_TOT_INS.118454,4342533850432.0
1738769238.1180325,nrm.extra.perf.PAPI_TOT_CYC.118454,7789612827607.0
1738769238.1180325,nrm.extra.perf.PAPI_RES_STL.118454,3626897632437.0
1738769238.1180325,nrm.extra.perf.PAPI_L3_TCM.118454,1663143270.0
1738769239.1186614,nrm.extra.perf.PAPI_L3_TCA.118454,13025651776.0
1738769239.1186614,nrm.extra.perf.PAPI_TOT_INS.118454,4444728683814.0
1738769239.1186614,nrm.extra.perf.PAPI_TOT_CYC.118454,7976515998557.0
1738769239.1186614,nrm.extra.perf.PAPI_RES_STL.118454,3711330411295.0
1738769239.1186614,nrm.extra.perf.PAPI_L3_TCM.118454,1702440642.0
1738769240.118288,nrm.extra.perf.PAPI_L3_TCA.118454,13291638198.0
1738769240.118288,nrm.extra.perf.PAPI_TOT_INS.118454,4537483400138.0
1738769240.118288,nrm.extra.perf.PAPI_TOT_CYC.118454,8154323878507.0
1738769240.118288,nrm.extra.perf.PAPI_RES_STL.118454,3787143239453.0
1738769240.118288,nrm.extra.perf.PAPI_L3_TCM.118454,1741573044.0
1738769241.1178343,nrm.extra.perf.PAPI_L3_TCA.118454,13602445175.0
1738769241.1178343,nrm.extra.perf.PAPI_TOT_INS.118454,4643410207671.0
1738769241.1178343,nrm.extra.perf.PAPI_TOT_CYC.118454,8343680410085.0
1738769241.1178343,nrm.extra.perf.PAPI_RES_STL.118454,3875389682467.0
1738769241.1178343,nrm.extra.perf.PAPI_L3_TCM.118454,1781364543.0
1738769242.1183457,nrm.extra.perf.PAPI_L3_TCA.118454,13860643719.0
1738769242.1183457,nrm.extra.perf.PAPI_TOT_INS.118454,4734130326034.0
1738769242.1183457,nrm.extra.perf.PAPI_TOT_CYC.118454,8520039110162.0
1738769242.1183457,nrm.extra.perf.PAPI_RES_STL.118454,3949170478158.0
1738769242.1183457,nrm.extra.perf.PAPI_L3_TCM.118454,1817866715.0
1738769243.1175876,nrm.extra.perf.PAPI_L3_TCA.118454,14194686377.0
1738769243.1175876,nrm.extra.perf.PAPI_TOT_INS.118454,4846965949215.0
1738769243.1175876,nrm.extra.perf.PAPI_TOT_CYC.118454,8716128259302.0
1738769243.1175876,nrm.extra.perf.PAPI_RES_STL.118454,4043854731816.0
1738769243.1175876,nrm.extra.perf.PAPI_L3_TCM.118454,1859564858.0
1738769244.1181173,nrm.extra.perf.PAPI_L3_TCA.118454,14443067758.0
1738769244.1181173,nrm.extra.perf.PAPI_TOT_INS.118454,4935299614807.0
1738769244.1181173,nrm.extra.perf.PAPI_TOT_CYC.118454,8889677645883.0
1738769244.1181173,nrm.extra.perf.PAPI_RES_STL.118454,4115385138131.0
1738769244.1181173,nrm.extra.perf.PAPI_L3_TCM.118454,1896483663.0
1738769245.1177437,nrm.extra.perf.PAPI_L3_TCA.118454,14727204903.0
1738769245.1177437,nrm.extra.perf.PAPI_TOT_INS.118454,5033656859133.0
1738769245.1177437,nrm.extra.perf.PAPI_TOT_CYC.118454,9071126687948.0
1738769245.1177437,nrm.extra.perf.PAPI_RES_STL.118454,4196609998631.0
1738769245.1177437,nrm.extra.perf.PAPI_L3_TCM.118454,1932410533.0
1738769246.1183221,nrm.extra.perf.PAPI_L3_TCA.118454,14996158128.0
1738769246.1183221,nrm.extra.perf.PAPI_TOT_INS.118454,5126802582911.0
1738769246.1183221,nrm.extra.perf.PAPI_TOT_CYC.118454,9247113111869.0
1738769246.1183221,nrm.extra.perf.PAPI_RES_STL.118454,4273156272947.0
1738769246.1183221,nrm.extra.perf.PAPI_L3_TCM.118454,1970949617.0
1738769247.11793,nrm.extra.perf.PAPI_L3_TCA.118454,15244564854.0
1738769247.11793,nrm.extra.perf.PAPI_TOT_INS.118454,5214569783521.0
1738769247.11793,nrm.extra.perf.PAPI_TOT_CYC.118454,9419746927427.0
1738769247.11793,nrm.extra.perf.PAPI_RES_STL.118454,4343894288546.0
1738769247.11793,nrm.extra.perf.PAPI_L3_TCM.118454,2005516876.0
1738769248.1184113,nrm.extra.perf.PAPI_L3_TCA.118454,15526499325.0
1738769248.1184113,nrm.extra.perf.PAPI_TOT_INS.118454,5311870452195.0
1738769248.1184113,nrm.extra.perf.PAPI_TOT_CYC.118454,9601307855599.0
1738769248.1184113,nrm.extra.perf.PAPI_RES_STL.118454,4424350141910.0
1738769248.1184113,nrm.extra.perf.PAPI_L3_TCM.118454,2045195454.0
1738769249.1180096,nrm.extra.perf.PAPI_L3_TCA.118454,15774606131.0
1738769249.1180096,nrm.extra.perf.PAPI_TOT_INS.118454,5400090210400.0
1738769249.1180096,nrm.extra.perf.PAPI_TOT_CYC.118454,9774315925029.0
1738769249.1180096,nrm.extra.perf.PAPI_RES_STL.118454,4495528626997.0
1738769249.1180096,nrm.extra.perf.PAPI_L3_TCM.118454,2081829669.0
1738769250.1185644,nrm.extra.perf.PAPI_L3_TCA.118454,16084666105.0
1738769250.1185644,nrm.extra.perf.PAPI_TOT_INS.118454,5506064881661.0
1738769250.1185644,nrm.extra.perf.PAPI_TOT_CYC.118454,9964132090391.0
1738769250.1185644,nrm.extra.perf.PAPI_RES_STL.118454,4583995331190.0
1738769250.1185644,nrm.extra.perf.PAPI_L3_TCM.118454,2122539035.0
1738769251.117786,nrm.extra.perf.PAPI_L3_TCA.118454,16337778064.0
1738769251.117786,nrm.extra.perf.PAPI_TOT_INS.118454,5595489075987.0
1738769251.117786,nrm.extra.perf.PAPI_TOT_CYC.118454,10139088023143.0
1738769251.117786,nrm.extra.perf.PAPI_RES_STL.118454,4656349563905.0
1738769251.117786,nrm.extra.perf.PAPI_L3_TCM.118454,2157306961.0
1738769252.118024,nrm.extra.perf.PAPI_L3_TCA.118454,16642999423.0
1738769252.118024,nrm.extra.perf.PAPI_TOT_INS.118454,5700161116279.0
1738769252.118024,nrm.extra.perf.PAPI_TOT_CYC.118454,10328037154994.0
1738769252.118024,nrm.extra.perf.PAPI_RES_STL.118454,4743379391894.0
1738769252.118024,nrm.extra.perf.PAPI_L3_TCM.118454,2198401408.0
1738769253.1185644,nrm.extra.perf.PAPI_L3_TCA.118454,16970408409.0
1738769253.1185644,nrm.extra.perf.PAPI_TOT_INS.118454,5810589013341.0
1738769253.1185644,nrm.extra.perf.PAPI_TOT_CYC.118454,10520822255333.0
1738769253.1185644,nrm.extra.perf.PAPI_RES_STL.118454,4836480102734.0
1738769253.1185644,nrm.extra.perf.PAPI_L3_TCM.118454,2241838873.0
1738769254.118198,nrm.extra.perf.PAPI_L3_TCA.118454,17289327398.0
1738769254.118198,nrm.extra.perf.PAPI_TOT_INS.118454,5919244996197.0
1738769254.118198,nrm.extra.perf.PAPI_TOT_CYC.118454,10714008580724.0
1738769254.118198,nrm.extra.perf.PAPI_RES_STL.118454,4926871362240.0
1738769254.118198,nrm.extra.perf.PAPI_L3_TCM.118454,2281838041.0
1738769255.1171765,nrm.extra.perf.PAPI_L3_TCA.118454,17600672566.0
1738769255.1171765,nrm.extra.perf.PAPI_TOT_INS.118454,6025006882391.0
1738769255.1171765,nrm.extra.perf.PAPI_TOT_CYC.118454,10902473180250.0
1738769255.1171765,nrm.extra.perf.PAPI_RES_STL.118454,5015380918158.0
1738769255.1171765,nrm.extra.perf.PAPI_L3_TCM.118454,2322516990.0
1738769256.1177154,nrm.extra.perf.PAPI_L3_TCA.118454,17851115560.0
1738769256.1177154,nrm.extra.perf.PAPI_TOT_INS.118454,6113818543183.0
1738769256.1177154,nrm.extra.perf.PAPI_TOT_CYC.118454,11076816047583.0
1738769256.1177154,nrm.extra.perf.PAPI_RES_STL.118454,5087628205811.0
1738769256.1177154,nrm.extra.perf.PAPI_L3_TCM.118454,2358190852.0
1738769257.1183414,nrm.extra.perf.PAPI_L3_TCA.118454,18156972231.0
1738769257.1183414,nrm.extra.perf.PAPI_TOT_INS.118454,6218610981460.0
1738769257.1183414,nrm.extra.perf.PAPI_TOT_CYC.118454,11266094340863.0
1738769257.1183414,nrm.extra.perf.PAPI_RES_STL.118454,5174850274713.0
1738769257.1183414,nrm.extra.perf.PAPI_L3_TCM.118454,2396697218.0
1738769258.1175566,nrm.extra.perf.PAPI_L3_TCA.118454,18451302714.0
1738769258.1175566,nrm.extra.perf.PAPI_TOT_INS.118454,6319862909321.0
1738769258.1175566,nrm.extra.perf.PAPI_TOT_CYC.118454,11451844301939.0
1738769258.1175566,nrm.extra.perf.PAPI_RES_STL.118454,5258625621523.0
1738769258.1175566,nrm.extra.perf.PAPI_L3_TCM.118454,2434207629.0
1738769259.1168797,nrm.extra.perf.PAPI_L3_TCA.118454,18722172109.0
1738769259.1168797,nrm.extra.perf.PAPI_TOT_INS.118454,6414626564746.0
1738769259.1168797,nrm.extra.perf.PAPI_TOT_CYC.118454,11630229700000.0
1738769259.1168797,nrm.extra.perf.PAPI_RES_STL.118454,5336115551458.0
1738769259.1168797,nrm.extra.perf.PAPI_L3_TCM.118454,2473018422.0
1738769260.118437,nrm.extra.perf.PAPI_L3_TCA.118454,19040867760.0
1738769260.118437,nrm.extra.perf.PAPI_TOT_INS.118454,6523205188863.0
1738769260.118437,nrm.extra.perf.PAPI_TOT_CYC.118454,11827275619491.0
1738769260.118437,nrm.extra.perf.PAPI_RES_STL.118454,5426703852750.0
1738769260.118437,nrm.extra.perf.PAPI_L3_TCM.118454,2516001323.0
1738769261.1179266,nrm.extra.perf.PAPI_L3_TCA.118454,19307463727.0
1738769261.1179266,nrm.extra.perf.PAPI_TOT_INS.118454,6616695484892.0
1738769261.1179266,nrm.extra.perf.PAPI_TOT_CYC.118454,12008129392751.0
1738769261.1179266,nrm.extra.perf.PAPI_RES_STL.118454,5503034805393.0
1738769261.1179266,nrm.extra.perf.PAPI_L3_TCM.118454,2554237424.0
1738769262.1183724,nrm.extra.perf.PAPI_L3_TCA.118454,19577781959.0
1738769262.1183724,nrm.extra.perf.PAPI_TOT_INS.118454,6711610583994.0
1738769262.1183724,nrm.extra.perf.PAPI_TOT_CYC.118454,12192129545933.0
1738769262.1183724,nrm.extra.perf.PAPI_RES_STL.118454,5580204088116.0
1738769262.1183724,nrm.extra.perf.PAPI_L3_TCM.118454,2590455869.0
1738769263.1177328,nrm.extra.perf.PAPI_L3_TCA.118454,19881418172.0
1738769263.1177328,nrm.extra.perf.PAPI_TOT_INS.118454,6815568442433.0
1738769263.1177328,nrm.extra.perf.PAPI_TOT_CYC.118454,12379410134713.0
1738769263.1177328,nrm.extra.perf.PAPI_RES_STL.118454,5666190680065.0
1738769263.1177328,nrm.extra.perf.PAPI_L3_TCM.118454,2631213572.0
1738769264.1181273,nrm.extra.perf.PAPI_L3_TCA.118454,20227235800.0
1738769264.1181273,nrm.extra.perf.PAPI_TOT_INS.118454,6931154100155.0
1738769264.1181273,nrm.extra.perf.PAPI_TOT_CYC.118454,12577281633704.0
1738769264.1181273,nrm.extra.perf.PAPI_RES_STL.118454,5764451845204.0
1738769264.1181273,nrm.extra.perf.PAPI_L3_TCM.118454,2676347225.0
1738769265.1176863,nrm.extra.perf.PAPI_L3_TCA.118454,20557237707.0
1738769265.1176863,nrm.extra.perf.PAPI_TOT_INS.118454,7042966665839.0
1738769265.1176863,nrm.extra.perf.PAPI_TOT_CYC.118454,12773053752658.0
1738769265.1176863,nrm.extra.perf.PAPI_RES_STL.118454,5858061331179.0
1738769265.1176863,nrm.extra.perf.PAPI_L3_TCM.118454,2717547713.0
1738769266.1182942,nrm.extra.perf.PAPI_L3_TCA.118454,20849063841.0
1738769266.1182942,nrm.extra.perf.PAPI_TOT_INS.118454,7143296380988.0
1738769266.1182942,nrm.extra.perf.PAPI_TOT_CYC.118454,12957819481469.0
1738769266.1182942,nrm.extra.perf.PAPI_RES_STL.118454,5940980054966.0
1738769266.1182942,nrm.extra.perf.PAPI_L3_TCM.118454,2758802204.0
1738769267.1178474,nrm.extra.perf.PAPI_L3_TCA.118454,21144532578.0
1738769267.1178474,nrm.extra.perf.PAPI_TOT_INS.118454,7244813795002.0
1738769267.1178474,nrm.extra.perf.PAPI_TOT_CYC.118454,13143977839820.0
1738769267.1178474,nrm.extra.perf.PAPI_RES_STL.118454,6024944711865.0
1738769267.1178474,nrm.extra.perf.PAPI_L3_TCM.118454,2798216454.0
1738769268.1184025,nrm.extra.perf.PAPI_L3_TCA.118454,21432876600.0
1738769268.1184025,nrm.extra.perf.PAPI_TOT_INS.118454,7344505961308.0
1738769268.1184025,nrm.extra.perf.PAPI_TOT_CYC.118454,13330459251097.0
1738769268.1184025,nrm.extra.perf.PAPI_RES_STL.118454,6106989885475.0
1738769268.1184025,nrm.extra.perf.PAPI_L3_TCM.118454,2835697698.0
1738769269.117951,nrm.extra.perf.PAPI_L3_TCA.118454,21747224972.0
1738769269.117951,nrm.extra.perf.PAPI_TOT_INS.118454,7451239223891.0
1738769269.117951,nrm.extra.perf.PAPI_TOT_CYC.118454,13519748451260.0
1738769269.117951,nrm.extra.perf.PAPI_RES_STL.118454,6196314811116.0
1738769269.117951,nrm.extra.perf.PAPI_L3_TCM.118454,2874954268.0
1738769270.1185787,nrm.extra.perf.PAPI_L3_TCA.118454,22027227363.0
1738769270.1185787,nrm.extra.perf.PAPI_TOT_INS.118454,7548054226860.0
1738769270.1185787,nrm.extra.perf.PAPI_TOT_CYC.118454,13700853264313.0
1738769270.1185787,nrm.extra.perf.PAPI_RES_STL.118454,6275777013638.0
1738769270.1185787,nrm.extra.perf.PAPI_L3_TCM.118454,2913575535.0
1738769271.1181073,nrm.extra.perf.PAPI_L3_TCA.118454,22315811776.0
1738769271.1181073,nrm.extra.perf.PAPI_TOT_INS.118454,7647491299902.0
1738769271.1181073,nrm.extra.perf.PAPI_TOT_CYC.118454,13885376229221.0
1738769271.1181073,nrm.extra.perf.PAPI_RES_STL.118454,6358144298429.0
1738769271.1181073,nrm.extra.perf.PAPI_L3_TCM.118454,2952812554.0
1738769272.117618,nrm.extra.perf.PAPI_L3_TCA.118454,22591757806.0
1738769272.117618,nrm.extra.perf.PAPI_TOT_INS.118454,7743316755147.0
1738769272.117618,nrm.extra.perf.PAPI_TOT_CYC.118454,14065526313017.0
1738769272.117618,nrm.extra.perf.PAPI_RES_STL.118454,6437009792474.0
1738769272.117618,nrm.extra.perf.PAPI_L3_TCM.118454,2992717720.0
1738769273.1181662,nrm.extra.perf.PAPI_L3_TCA.118454,22845462497.0
1738769273.1181662,nrm.extra.perf.PAPI_TOT_INS.118454,7833561548757.0
1738769273.1181662,nrm.extra.perf.PAPI_TOT_CYC.118454,14241782505829.0
1738769273.1181662,nrm.extra.perf.PAPI_RES_STL.118454,6510150477163.0
1738769273.1181662,nrm.extra.perf.PAPI_L3_TCM.118454,3023870532.0
1738769274.1176763,nrm.extra.perf.PAPI_L3_TCA.118454,23127723441.0
1738769274.1176763,nrm.extra.perf.PAPI_TOT_INS.118454,7931447364360.0
1738769274.1176763,nrm.extra.perf.PAPI_TOT_CYC.118454,14425060877623.0
1738769274.1176763,nrm.extra.perf.PAPI_RES_STL.118454,6590861870973.0
1738769274.1176763,nrm.extra.perf.PAPI_L3_TCM.118454,3061249285.0
1738769275.11784,nrm.extra.perf.PAPI_L3_TCA.118454,23361516806.0
1738769275.11784,nrm.extra.perf.PAPI_TOT_INS.118454,8014658277942.0
1738769275.11784,nrm.extra.perf.PAPI_TOT_CYC.118454,14590022587156.0
1738769275.11784,nrm.extra.perf.PAPI_RES_STL.118454,6657837500342.0
1738769275.11784,nrm.extra.perf.PAPI_L3_TCM.118454,3092700871.0
1738769276.1178784,nrm.extra.perf.PAPI_L3_TCA.118454,23633486735.0
1738769276.1178784,nrm.extra.perf.PAPI_TOT_INS.118454,8109144501539.0
1738769276.1178784,nrm.extra.perf.PAPI_TOT_CYC.118454,14766494650112.0
1738769276.1178784,nrm.extra.perf.PAPI_RES_STL.118454,6735187533506.0
1738769276.1178784,nrm.extra.perf.PAPI_L3_TCM.118454,3127244474.0
1738769277.1183228,nrm.extra.perf.PAPI_L3_TCA.118454,23945710932.0
1738769277.1183228,nrm.extra.perf.PAPI_TOT_INS.118454,8215294985353.0
1738769277.1183228,nrm.extra.perf.PAPI_TOT_CYC.118454,14957631096156.0
1738769277.1183228,nrm.extra.perf.PAPI_RES_STL.118454,6823864023378.0
1738769277.1183228,nrm.extra.perf.PAPI_L3_TCM.118454,3169361882.0
1738769278.1166432,nrm.extra.perf.PAPI_L3_TCA.118454,24214435073.0
1738769278.1166432,nrm.extra.perf.PAPI_TOT_INS.118454,8308768015552.0
1738769278.1166432,nrm.extra.perf.PAPI_TOT_CYC.118454,15133956734181.0
1738769278.1166432,nrm.extra.perf.PAPI_RES_STL.118454,6900119884516.0
1738769278.1166432,nrm.extra.perf.PAPI_L3_TCM.118454,3206870319.0
1738769279.1181867,nrm.extra.perf.PAPI_L3_TCA.118454,24553010459.0
1738769279.1181867,nrm.extra.perf.PAPI_TOT_INS.118454,8422607394902.0
1738769279.1181867,nrm.extra.perf.PAPI_TOT_CYC.118454,15332390566719.0
1738769279.1181867,nrm.extra.perf.PAPI_RES_STL.118454,6996035169304.0
1738769279.1181867,nrm.extra.perf.PAPI_L3_TCM.118454,3250394600.0
1738769280.1175427,nrm.extra.perf.PAPI_L3_TCA.118454,24863487718.0
1738769280.1175427,nrm.extra.perf.PAPI_TOT_INS.118454,8528590821050.0
1738769280.1175427,nrm.extra.perf.PAPI_TOT_CYC.118454,15522512751576.0
1738769280.1175427,nrm.extra.perf.PAPI_RES_STL.118454,7084133050900.0
1738769280.1175427,nrm.extra.perf.PAPI_L3_TCM.118454,3289253173.0
1738769281.1180308,nrm.extra.perf.PAPI_L3_TCA.118454,25212128855.0
1738769281.1180308,nrm.extra.perf.PAPI_TOT_INS.118454,8645128902343.0
1738769281.1180308,nrm.extra.perf.PAPI_TOT_CYC.118454,15721743345458.0
1738769281.1180308,nrm.extra.perf.PAPI_RES_STL.118454,7183125771031.0
1738769281.1180308,nrm.extra.perf.PAPI_L3_TCM.118454,3334360898.0
1738769282.1181939,nrm.extra.perf.PAPI_L3_TCA.118454,25548655716.0
1738769282.1181939,nrm.extra.perf.PAPI_TOT_INS.118454,8758623120291.0
1738769282.1181939,nrm.extra.perf.PAPI_TOT_CYC.118454,15917654746114.0
1738769282.1181939,nrm.extra.perf.PAPI_RES_STL.118454,7278353544877.0
1738769282.1181939,nrm.extra.perf.PAPI_L3_TCM.118454,3377385339.0
1738769283.116433,nrm.extra.perf.PAPI_L3_TCA.118454,25786222607.0
1738769283.116433,nrm.extra.perf.PAPI_TOT_INS.118454,8842952725040.0
1738769283.116433,nrm.extra.perf.PAPI_TOT_CYC.118454,16083987262134.0
1738769283.116433,nrm.extra.perf.PAPI_RES_STL.118454,7346444493896.0
1738769283.116433,nrm.extra.perf.PAPI_L3_TCM.118454,3411045339.0
1738769284.1167042,nrm.extra.perf.PAPI_L3_TCA.118454,26022409389.0
1738769284.1167042,nrm.extra.perf.PAPI_TOT_INS.118454,8927430715524.0
1738769284.1167042,nrm.extra.perf.PAPI_TOT_CYC.118454,16251865152821.0
1738769284.1167042,nrm.extra.perf.PAPI_RES_STL.118454,7414580970556.0
1738769284.1167042,nrm.extra.perf.PAPI_L3_TCM.118454,3441879021.0
1738769285.1182444,nrm.extra.perf.PAPI_L3_TCA.118454,26288261811.0
1738769285.1182444,nrm.extra.perf.PAPI_TOT_INS.118454,9019974049193.0
1738769285.1182444,nrm.extra.perf.PAPI_TOT_CYC.118454,16426996518243.0
1738769285.1182444,nrm.extra.perf.PAPI_RES_STL.118454,7490581043023.0
1738769285.1182444,nrm.extra.perf.PAPI_L3_TCM.118454,3476258907.0
1738769286.1165612,nrm.extra.perf.PAPI_L3_TCA.118454,26566796520.0
1738769286.1165612,nrm.extra.perf.PAPI_TOT_INS.118454,9117121241027.0
1738769286.1165612,nrm.extra.perf.PAPI_TOT_CYC.118454,16609803022938.0
1738769286.1165612,nrm.extra.perf.PAPI_RES_STL.118454,7570210976820.0
1738769286.1165612,nrm.extra.perf.PAPI_L3_TCM.118454,3510782366.0
1738769287.1178644,nrm.extra.perf.PAPI_L3_TCA.118454,26907786552.0
1738769287.1178644,nrm.extra.perf.PAPI_TOT_INS.118454,9232045794603.0
1738769287.1178644,nrm.extra.perf.PAPI_TOT_CYC.118454,16809849180866.0
1738769287.1178644,nrm.extra.perf.PAPI_RES_STL.118454,7666981635809.0
1738769287.1178644,nrm.extra.perf.PAPI_L3_TCM.118454,3554032241.0
1738769288.1184304,nrm.extra.perf.PAPI_L3_TCA.118454,27206404538.0
1738769288.1184304,nrm.extra.perf.PAPI_TOT_INS.118454,9334082307624.0
1738769288.1184304,nrm.extra.perf.PAPI_TOT_CYC.118454,16995123882558.0
1738769288.1184304,nrm.extra.perf.PAPI_RES_STL.118454,7751969505676.0
1738769288.1184304,nrm.extra.perf.PAPI_L3_TCM.118454,3595768710.0
1738769289.1179745,nrm.extra.perf.PAPI_L3_TCA.118454,27468641275.0
1738769289.1179745,nrm.extra.perf.PAPI_TOT_INS.118454,9426408159788.0
1738769289.1179745,nrm.extra.perf.PAPI_TOT_CYC.118454,17175955480430.0
1738769289.1179745,nrm.extra.perf.PAPI_RES_STL.118454,7827055487437.0
1738769289.1179745,nrm.extra.perf.PAPI_L3_TCM.118454,3632338108.0
1738769290.1185925,nrm.extra.perf.PAPI_L3_TCA.118454,27705969115.0
1738769290.1185925,nrm.extra.perf.PAPI_TOT_INS.118454,9510534555736.0
1738769290.1185925,nrm.extra.perf.PAPI_TOT_CYC.118454,17341447083286.0
1738769290.1185925,nrm.extra.perf.PAPI_RES_STL.118454,7894959333380.0
1738769290.1185925,nrm.extra.perf.PAPI_L3_TCM.118454,3667529562.0
1738769291.1181233,nrm.extra.perf.PAPI_L3_TCA.118454,27973850804.0
1738769291.1181233,nrm.extra.perf.PAPI_TOT_INS.118454,9604134185729.0
1738769291.1181233,nrm.extra.perf.PAPI_TOT_CYC.118454,17521201355883.0
1738769291.1181233,nrm.extra.perf.PAPI_RES_STL.118454,7971420478954.0
1738769291.1181233,nrm.extra.perf.PAPI_L3_TCM.118454,3706529452.0
1738769292.1177254,nrm.extra.perf.PAPI_L3_TCA.118454,28235111549.0
1738769292.1177254,nrm.extra.perf.PAPI_TOT_INS.118454,9696331003566.0
1738769292.1177254,nrm.extra.perf.PAPI_TOT_CYC.118454,17700938973319.0
1738769292.1177254,nrm.extra.perf.PAPI_RES_STL.118454,8045924369267.0
1738769292.1177254,nrm.extra.perf.PAPI_L3_TCM.118454,3742432640.0
1738769293.11702,nrm.extra.perf.PAPI_L3_TCA.118454,28545197002.0
1738769293.11702,nrm.extra.perf.PAPI_TOT_INS.118454,9801818198102.0
1738769293.11702,nrm.extra.perf.PAPI_TOT_CYC.118454,17888951264401.0
1738769293.11702,nrm.extra.perf.PAPI_RES_STL.118454,8133837751551.0
1738769293.11702,nrm.extra.perf.PAPI_L3_TCM.118454,3782820946.0
1738769294.1184745,nrm.extra.perf.PAPI_L3_TCA.118454,28787436119.0
1738769294.1184745,nrm.extra.perf.PAPI_TOT_INS.118454,9888035528126.0
1738769294.1184745,nrm.extra.perf.PAPI_TOT_CYC.118454,18062643468564.0
1738769294.1184745,nrm.extra.perf.PAPI_RES_STL.118454,8203353180409.0
1738769294.1184745,nrm.extra.perf.PAPI_L3_TCM.118454,3820633340.0
1738769295.1180468,nrm.extra.perf.PAPI_L3_TCA.118454,29080175608.0
1738769295.1180468,nrm.extra.perf.PAPI_TOT_INS.118454,9988956078988.0
1738769295.1180468,nrm.extra.perf.PAPI_TOT_CYC.118454,18247096389526.0
1738769295.1180468,nrm.extra.perf.PAPI_RES_STL.118454,8286825029640.0
1738769295.1180468,nrm.extra.perf.PAPI_L3_TCM.118454,3858587492.0
1738769296.1174998,nrm.extra.perf.PAPI_L3_TCA.118454,29367891647.0
1738769296.1174998,nrm.extra.perf.PAPI_TOT_INS.118454,10088479701391.0
1738769296.1174998,nrm.extra.perf.PAPI_TOT_CYC.118454,18434544767466.0
1738769296.1174998,nrm.extra.perf.PAPI_RES_STL.118454,8368851243664.0
1738769296.1174998,nrm.extra.perf.PAPI_L3_TCM.118454,3896085683.0
1738769297.1168299,nrm.extra.perf.PAPI_L3_TCA.118454,29670070294.0
1738769297.1168299,nrm.extra.perf.PAPI_TOT_INS.118454,10192025570052.0
1738769297.1168299,nrm.extra.perf.PAPI_TOT_CYC.118454,18621125470795.0
1738769297.1168299,nrm.extra.perf.PAPI_RES_STL.118454,8454255726146.0
1738769297.1168299,nrm.extra.perf.PAPI_L3_TCM.118454,3933130972.0
1738769298.1184025,nrm.extra.perf.PAPI_L3_TCA.118454,29956451878.0
1738769298.1184025,nrm.extra.perf.PAPI_TOT_INS.118454,10290767937513.0
1738769298.1184025,nrm.extra.perf.PAPI_TOT_CYC.118454,18805647078195.0
1738769298.1184025,nrm.extra.perf.PAPI_RES_STL.118454,8535902998387.0
1738769298.1184025,nrm.extra.perf.PAPI_L3_TCM.118454,3972406352.0
1738769299.1172802,nrm.extra.perf.PAPI_L3_TCA.118454,30215395497.0
1738769299.1172802,nrm.extra.perf.PAPI_TOT_INS.118454,10381651760942.0
1738769299.1172802,nrm.extra.perf.PAPI_TOT_CYC.118454,18979979220352.0
1738769299.1172802,nrm.extra.perf.PAPI_RES_STL.118454,8609851297373.0
1738769299.1172802,nrm.extra.perf.PAPI_L3_TCM.118454,4007927709.0
1738769300.1169744,nrm.extra.perf.PAPI_L3_TCA.118454,30488176567.0
1738769300.1169744,nrm.extra.perf.PAPI_TOT_INS.118454,10476259552745.0
1738769300.1169744,nrm.extra.perf.PAPI_TOT_CYC.118454,19157267483395.0
1738769300.1169744,nrm.extra.perf.PAPI_RES_STL.118454,8687644851078.0
1738769300.1169744,nrm.extra.perf.PAPI_L3_TCM.118454,4046881628.0
1738769301.1185284,nrm.extra.perf.PAPI_L3_TCA.118454,30780348843.0
1738769301.1185284,nrm.extra.perf.PAPI_TOT_INS.118454,10576773229977.0
1738769301.1185284,nrm.extra.perf.PAPI_TOT_CYC.118454,19342671457917.0
1738769301.1185284,nrm.extra.perf.PAPI_RES_STL.118454,8771043346602.0
1738769301.1185284,nrm.extra.perf.PAPI_L3_TCM.118454,4088440424.0
1738769302.1179242,nrm.extra.perf.PAPI_L3_TCA.118454,31002245601.0
1738769302.1179242,nrm.extra.perf.PAPI_TOT_INS.118454,10656982526966.0
1738769302.1179242,nrm.extra.perf.PAPI_TOT_CYC.118454,19503167928936.0
1738769302.1179242,nrm.extra.perf.PAPI_RES_STL.118454,8835701875181.0
1738769302.1179242,nrm.extra.perf.PAPI_L3_TCM.118454,4118069037.0
1738769303.1184967,nrm.extra.perf.PAPI_L3_TCA.118454,31293716963.0
1738769303.1184967,nrm.extra.perf.PAPI_TOT_INS.118454,10756915490007.0
1738769303.1184967,nrm.extra.perf.PAPI_TOT_CYC.118454,19683868097452.0
1738769303.1184967,nrm.extra.perf.PAPI_RES_STL.118454,8918727569718.0
1738769303.1184967,nrm.extra.perf.PAPI_L3_TCM.118454,4157740372.0
1738769304.1180658,nrm.extra.perf.PAPI_L3_TCA.118454,31606014480.0
1738769304.1180658,nrm.extra.perf.PAPI_TOT_INS.118454,10863749384120.0
1738769304.1180658,nrm.extra.perf.PAPI_TOT_CYC.118454,19876248842041.0
1738769304.1180658,nrm.extra.perf.PAPI_RES_STL.118454,9007520792219.0
1738769304.1180658,nrm.extra.perf.PAPI_L3_TCM.118454,4197718323.0
1738769305.1168592,nrm.extra.perf.PAPI_L3_TCA.118454,31916682817.0
1738769305.1168592,nrm.extra.perf.PAPI_TOT_INS.118454,10969651361895.0
1738769305.1168592,nrm.extra.perf.PAPI_TOT_CYC.118454,20065858293562.0
1738769305.1168592,nrm.extra.perf.PAPI_RES_STL.118454,9095611553227.0
1738769305.1168592,nrm.extra.perf.PAPI_L3_TCM.118454,4238135889.0
1738769306.1184506,nrm.extra.perf.PAPI_L3_TCA.118454,32240976967.0
1738769306.1184506,nrm.extra.perf.PAPI_TOT_INS.118454,11079341617423.0
1738769306.1184506,nrm.extra.perf.PAPI_TOT_CYC.118454,20259749128277.0
1738769306.1184506,nrm.extra.perf.PAPI_RES_STL.118454,9187943010198.0
1738769306.1184506,nrm.extra.perf.PAPI_L3_TCM.118454,4280631763.0
1738769307.1179917,nrm.extra.perf.PAPI_L3_TCA.118454,32513057003.0
1738769307.1179917,nrm.extra.perf.PAPI_TOT_INS.118454,11173927649445.0
1738769307.1179917,nrm.extra.perf.PAPI_TOT_CYC.118454,20438583109395.0
1738769307.1179917,nrm.extra.perf.PAPI_RES_STL.118454,9265502837861.0
1738769307.1179917,nrm.extra.perf.PAPI_L3_TCM.118454,4319093709.0
1738769308.1186314,nrm.extra.perf.PAPI_L3_TCA.118454,32755093872.0
1738769308.1186314,nrm.extra.perf.PAPI_TOT_INS.118454,11259745988908.0
1738769308.1186314,nrm.extra.perf.PAPI_TOT_CYC.118454,20608126842299.0
1738769308.1186314,nrm.extra.perf.PAPI_RES_STL.118454,9334435132131.0
1738769308.1186314,nrm.extra.perf.PAPI_L3_TCM.118454,4351668123.0
1738769309.117641,nrm.extra.perf.PAPI_L3_TCA.118454,33042440922.0
1738769309.117641,nrm.extra.perf.PAPI_TOT_INS.118454,11358766646263.0
1738769309.117641,nrm.extra.perf.PAPI_TOT_CYC.118454,20789826406497.0
1738769309.117641,nrm.extra.perf.PAPI_RES_STL.118454,9416131018575.0
1738769309.117641,nrm.extra.perf.PAPI_L3_TCM.118454,4388962506.0
1738769310.118195,nrm.extra.perf.PAPI_L3_TCA.118454,33298247204.0
1738769310.118195,nrm.extra.perf.PAPI_TOT_INS.118454,11449324389490.0
1738769310.118195,nrm.extra.perf.PAPI_TOT_CYC.118454,20969119478694.0
1738769310.118195,nrm.extra.perf.PAPI_RES_STL.118454,9489717546175.0
1738769310.118195,nrm.extra.perf.PAPI_L3_TCM.118454,4422541235.0
1738769311.1178098,nrm.extra.perf.PAPI_L3_TCA.118454,33611149278.0
1738769311.1178098,nrm.extra.perf.PAPI_TOT_INS.118454,11555575821815.0
1738769311.1178098,nrm.extra.perf.PAPI_TOT_CYC.118454,21158161959178.0
1738769311.1178098,nrm.extra.perf.PAPI_RES_STL.118454,9578461921545.0
1738769311.1178098,nrm.extra.perf.PAPI_L3_TCM.118454,4464502426.0
1738769312.1183965,nrm.extra.perf.PAPI_L3_TCA.118454,33904964493.0
1738769312.1183965,nrm.extra.perf.PAPI_TOT_INS.118454,11655892749530.0
1738769312.1183965,nrm.extra.perf.PAPI_TOT_CYC.118454,21339409125368.0
1738769312.1183965,nrm.extra.perf.PAPI_RES_STL.118454,9662118135989.0
1738769312.1183965,nrm.extra.perf.PAPI_L3_TCM.118454,4503302925.0
1738769312.710167,nrm.extra.perf.PAPI_L3_TCA.118454,34100519242.0
1738769312.710167,nrm.extra.perf.PAPI_TOT_INS.118454,11721932573399.0
1738769312.710167,nrm.extra.perf.PAPI_TOT_CYC.118454,21453294857470.0
1738769312.710167,nrm.extra.perf.PAPI_RES_STL.118454,9717296400627.0
1738769312.710167,nrm.extra.perf.PAPI_L3_TCM.118454,4527286354.0
